2 3353 423 3403 496
2 3120 623 3206 696
2 3470 1290 3540 1370
2 3703 1626 3833 1733
2 3210 1806 3320 1896
2 2816 1906 2883 2006
2 3626 2506 3763 2610
2 2670 2246 2756 2353
2 3776 2876 3886 2963
2 860 173 953 263
2 956 243 1050 340
2 916 310 1000 410
2 846 376 930 476
2 763 456 843 543
2 126 326 263 390
2 496 146 586 243
2 463 1250 563 1366
2 306 1263 396 1386
2 650 1143 713 1213
2 460 890 523 980
2 16 1943 103 2046
2 953 2560 1016 2636
2 866 2560 910 2623
2 1000 2486 1086 2573
2 273 1466 370 1583
2 2646 2763 2723 2850
2 816 1843 883 1933
2 2343 13 2520 133
2 1456 2313 1513 2376
2 1430 2436 1500 2503
2 1296 2516 1360 2576
2 746 1353 806 1416
2 976 546 1033 613
2 3066 1153 3146 1233
4 1186 1843 1343 2026
1 690 293 920 423
1 560 260 723 363
1 633 356 730 430
1 30 1826 320 2046
1 233 1456 456 1686
1 616 1353 736 1440
1 1006 1753 1156 1906
1 883 1803 976 1960
1 910 876 1016 1003
1 806 2503 946 2656
1 930 2420 1086 2563
1 680 2520 813 2703
1 750 2646 903 2786
1 513 2650 676 2856
1 2596 2516 2793 2860
1 3476 1550 3870 1890
1 1400 2440 1523 2570
1 1360 2326 1446 2433
1 1483 2373 1570 2473
1 1273 2443 1406 2596
1 3196 1770 3440 2040
7 2550 16 3686 523
7 2036 20 2523 350
7 2216 450 2746 996
7 2736 540 3070 816
7 2873 1893 3900 2943
7 83 1730 813 2463
7 910 1363 1270 1623
7 460 1573 760 1763
7 836 2336 1603 2960
7 26 33 1373 696
7 53 656 760 1470
7 1680 360 2190 733
4 1616 530 1800 670
1 3760 883 3893 1043
2 3383 1426 3466 1506
1 2793 1876 3093 2113
