2 1023 233 1136 376
2 856 1110 936 1216
5 316 63 1220 1196
4 2823 623 2986 746
4 1750 1740 1906 1920
4 1073 2143 1286 2336
4 1250 2110 1493 2326
4 1463 2030 1640 2176
4 1220 1916 1460 2123
5 773 1220 1890 2376
5 1200 703 1520 1140
2 2540 890 2613 970
2 2470 910 2536 996
2 2496 640 2590 730
2 2503 746 2560 830
2 2640 653 2720 726
2 3206 220 3293 306
2 2633 6 2753 93
2 2450 1203 2566 1343
2 2013 1020 2116 1160
2 1876 1110 1956 1210
2 1760 1040 1816 1103
2 2276 2050 2350 2143
2 2353 1963 2440 2060
2 2230 1823 2313 1910
2 2130 1816 2180 1876
2 3413 2013 3483 2106
2 3286 2073 3393 2186
2 3196 2150 3286 2246
2 2776 2840 2893 2956
1 3120 843 3353 1076
1 3470 463 3993 786
1 3010 160 3286 413
1 2666 786 2860 946
1 2503 860 2676 993
1 3023 1280 3150 1446
1 3643 1810 3923 2000
1 3390 2346 3533 2436
1 3470 2433 3616 2606
1 1423 2683 1573 2846
1 1370 2543 1593 2710
5 2110 1583 3406 2490
1 2466 2423 2680 2690
1 2800 2033 3026 2446
1 3003 2040 3356 2333
1 996 130 1253 503
1 1240 363 1656 696
1 343 293 556 523
1 1803 1000 1923 1106
1 1853 1040 2026 1206
1 2163 803 2333 973
2 2053 810 2126 880
2 2173 816 2266 903
2 816 1623 920 1746
2 933 1833 1006 1916
1 3586 916 3693 983
1 3853 1073 3980 1176
1 2460 10 2770 130
7 26 2033 850 3003
7 3420 1916 3986 2873
7 2450 1160 2750 1600
7 2756 1560 3373 2043
7 3366 776 4013 1770
7 3233 83 3690 613
7 1300 6 2023 276
6 13 60 396 1933
6 333 746 846 1736
