2 1376 280 1466 380
2 1960 250 2040 356
2 1543 590 1600 656
2 210 1433 326 1560
2 756 1120 803 1200
2 920 1420 1016 1513
2 1230 1610 1286 1676
2 1410 1300 1493 1423
4 626 2363 763 2516
4 600 2306 693 2383
4 700 2123 793 2236
4 816 2163 930 2333
4 893 2106 1023 2273
4 726 2020 830 2106
4 860 1986 1026 2106
2 3093 156 3190 266
2 3143 3 3243 53
2 3593 56 3846 290
2 3736 360 3966 563
2 3793 673 3990 900
2 2686 1096 2776 1193
2 2840 1006 2896 1083
2 2770 1116 2840 1200
2 3343 886 3430 980
2 3263 833 3316 910
2 3496 1040 3560 1103
2 3893 1543 3993 1650
2 3676 1820 3783 1906
2 3763 1586 3840 1683
2 3890 1790 3963 1856
2 3066 2016 3176 2126
2 3173 1896 3266 1983
2 2960 1856 3056 1950
2 3073 1580 3143 1663
2 3116 1630 3193 1726
2 3080 2433 3203 2526
2 3136 2543 3203 2636
4 2083 1290 2390 1570
2 3366 2856 3456 2943
1 1523 166 1643 383
1 1616 183 1723 360
1 2006 20 2203 186
1 2376 503 2513 640
1 2166 940 2286 1120
1 2380 1116 2530 1300
1 1733 586 1883 773
1 1356 280 1516 440
1 316 1543 526 1676
1 220 1360 500 1543
1 3480 90 3960 563
1 3640 636 3993 963
1 2903 10 3216 263
1 3096 136 3280 426
1 2960 2173 3206 2536
1 2896 2440 3256 2666
1 3166 2616 3483 2946
1 3740 1530 3993 1773
1 3026 903 3190 1260
2 1050 2163 1106 2250
6 10 13 1340 1040
7 2636 513 3110 866
7 3136 290 3546 1170
7 2740 920 3093 1476
7 3243 1243 3993 2583
7 1463 1673 2316 2626
2 1553 1783 1646 1873
7 1456 10 1916 210
7 1460 473 1820 706
7 1373 770 1976 1146
7 66 1060 570 1366
7 323 2486 756 2993
7 30 1363 323 1990
7 2363 1323 2736 1720
