5 13 443 503 970
2 3006 466 3200 726
2 3030 10 3313 220
2 3540 466 3676 633
2 3860 850 3993 996
2 2733 1656 2910 1830
2 3003 1133 3246 1283
2 3566 1266 3660 1346
2 3946 1816 4003 1923
2 3816 1710 3886 1780
2 2353 2856 2530 3000
2 2733 2050 2810 2133
2 1850 440 1960 550
2 1873 236 1950 353
2 2136 710 2230 806
2 2250 1276 2343 1403
2 1920 1276 1993 1366
2 2390 786 2460 856
2 2466 893 2520 966
2 6 2193 136 2450
2 373 1563 520 1746
2 96 1063 216 1210
2 363 553 470 666
2 1123 750 1200 836
2 1013 873 1086 956
2 1140 1150 1200 1223
2 930 660 1006 770
2 2786 2293 2890 2403
1 2093 626 2350 853
1 2370 836 2643 1073
1 1013 866 1220 1256
1 1076 756 1400 973
1 376 36 683 280
1 0 73 410 383
6 500 1190 1100 1666
7 2520 40 3606 776
7 723 36 2486 870
7 883 1286 1893 2526
7 173 1710 760 2543
7 1153 2516 2023 2996
7 2396 2280 3186 2996
7 1286 1003 1736 1270
7 2513 1173 3336 2003
7 3310 1023 3963 2223
7 3173 2130 3650 2690
7 2823 2003 3140 2210
