2 3526 793 3636 896
2 3420 936 3516 1033
2 3650 1410 3853 1583
2 3396 1046 3490 1156
2 2260 646 2430 793
2 2423 616 2540 760
2 2816 310 2926 426
2 2066 536 2116 610
2 1966 556 2013 613
2 2083 626 2166 703
2 2563 436 2640 503
2 1100 166 1193 270
2 1316 160 1376 230
2 1326 90 1366 146
2 1380 103 1460 210
2 1283 296 1356 386
2 910 130 963 193
2 686 310 750 390
2 2096 833 2156 903
2 2030 856 2093 920
2 1963 910 2043 986
2 1890 913 1950 1003
2 1840 883 1886 946
2 1960 1086 2026 1166
2 2256 903 2370 1033
2 566 2486 616 2570
2 673 2533 753 2630
2 716 2466 783 2543
2 923 2393 1006 2493
2 710 2266 786 2343
2 620 2233 703 2330
2 200 2613 290 2740
2 406 2073 480 2146
2 493 2663 590 2743
4 313 1826 463 2020
4 40 1846 263 2020
4 1793 1423 1896 1586
4 1893 1463 1986 1586
4 1730 1503 1806 1653
2 1203 730 1273 810
2 1036 1136 1190 1320
2 1140 1370 1333 1553
1 2240 320 2420 546
1 2150 556 2423 790
1 883 276 1083 486
1 1073 136 1246 373
1 683 1650 1100 1863
1 266 2110 423 2253
1 383 2006 546 2180
1 886 2313 1056 2503
6 2616 33 3956 706
6 3553 796 3960 1800
6 2130 1046 3700 2513
7 1793 276 2250 833
7 2363 63 2663 723
7 1563 2726 2220 2976
7 36 1790 1120 2963
7 26 50 1163 900
7 333 906 1126 1763
7 16 946 336 1726
