4 2883 1330 3053 1510
4 2933 1220 3103 1373
4 2903 1006 3040 1183
4 2830 1100 2993 1273
4 2976 1100 3160 1256
4 2400 876 2546 1086
4 933 906 1086 1076
4 1063 886 1200 1083
4 946 1043 1130 1166
4 813 1156 973 1283
4 973 1353 1160 1466
4 1083 1133 1273 1283
4 1270 1093 1350 1206
4 1266 1163 1466 1286
4 1296 1386 1413 1533
4 1340 1283 1483 1403
4 1400 1396 1550 1530
4 1190 1280 1360 1450
4 1323 933 1446 1066
4 1213 863 1343 1016
4 986 616 1140 746
4 1146 713 1310 846
4 970 730 1153 906
4 850 1060 976 1190
4 3150 1993 3263 2100
4 3193 1913 3303 1990
4 3256 1950 3403 2146
5 3203 1166 3816 1600
2 480 120 590 260
2 1443 433 1580 626
2 1693 410 1923 673
2 253 563 356 686
2 83 590 226 696
2 786 666 873 753
2 603 833 700 920
2 303 1906 423 2040
2 236 1980 303 2066
2 1596 2820 1710 2976
2 2020 1930 2106 2006
2 1553 1696 1643 1783
2 1910 1420 2023 1563
2 1883 1303 1970 1390
2 2213 1336 2340 1460
2 2210 1230 2330 1323
2 756 933 810 986
2 843 936 920 1016
2 1513 100 1623 226
2 1366 1653 1456 1733
2 1240 1976 1316 2076
2 1393 2146 1493 2246
2 2756 1976 2940 2183
2 2760 2270 2903 2403
2 3806 826 3983 1000
2 3830 1116 3986 1320
2 2426 676 2500 780
2 2513 720 2593 810
2 2453 420 2503 513
1 3680 736 3993 1010
1 866 1646 1013 1786
1 476 2306 860 2596
1 366 1890 626 2120
1 260 1580 510 1846
1 63 983 373 1206
1 1240 606 1423 870
1 1853 1413 2140 1650
1 1863 1273 2043 1413
1 2063 1320 2393 1593
1 2410 680 2633 960
1 1510 90 1920 360
1 873 1903 1146 2110
1 1680 2223 1910 2560
1 1846 1960 2006 2153
1 2013 1863 2176 2100
1 2093 1596 2353 1990
1 1846 1650 1986 1826
1 1560 1683 1780 1860
2 1610 1843 1683 1913
1 1593 2430 2063 2990
1 3 2210 316 2533
2 2270 930 2340 1000
7 2533 33 3526 636
7 2340 1116 2960 2283
7 1316 1590 1990 2400
7 6 1896 1173 2976
7 70 1350 1206 1876
7 1553 303 2123 990
1 1483 883 1713 1186
1 410 33 650 323
1 720 600 1016 846
7 2103 2290 3283 2953
7 1456 2593 1760 2910
7 2950 1486 3426 2040
7 3426 1646 3833 2270
7 1610 0 2073 106
