2 1770 273 1896 396
2 1776 86 1903 206
2 810 613 956 756
2 863 840 956 940
2 666 836 793 950
2 570 806 680 890
2 590 900 680 973
2 676 536 773 620
2 486 210 653 353
2 830 486 923 596
2 936 483 1003 570
2 1716 666 1820 763
2 1933 820 2003 903
2 1790 1396 1883 1493
2 1750 1546 1853 1663
2 2700 1356 2783 1440
2 3696 1206 3866 1343
2 2063 546 2203 673
2 30 1666 186 1790
4 1590 1246 1700 1393
4 1686 1176 1813 1326
4 800 1736 883 1853
4 876 1750 1056 1900
4 996 1676 1106 1853
4 1050 1613 1160 1746
4 736 1920 863 2066
4 840 1873 976 2003
4 1126 1470 1250 1606
2 2703 1903 2930 2153
2 2963 2860 3076 2966
2 180 2303 300 2470
2 1120 2676 1243 2803
2 1013 2480 1120 2570
2 363 2773 453 2883
2 626 2556 706 2653
1 2980 1026 3856 1456
1 2606 1653 2940 2113
1 2206 2343 2363 2593
1 1653 373 1866 763
1 2376 16 2693 223
1 2226 133 2476 350
1 440 983 616 1220
6 2220 990 2980 1383
7 1046 33 1716 363
7 1676 113 2336 746
7 1006 383 1610 733
7 40 303 956 2150
7 796 2076 1613 2910
7 1030 1490 1670 2033
7 1583 1336 2566 2360
7 2590 1456 3290 2153
7 3336 1430 4013 2246
1 1380 1103 1680 1440
