2 1466 146 1566 250
2 1343 186 1433 296
2 1313 390 1390 480
2 2033 983 2113 1083
2 2096 996 2166 1083
2 2120 783 2180 863
2 2306 460 2393 553
2 2716 716 2796 816
2 2480 756 2613 870
2 3533 2173 3623 2266
2 3833 1726 4003 1936
2 2856 1730 2920 1793
2 2890 1756 2980 1863
2 2263 1766 2323 1853
2 2180 1603 2293 1716
2 1456 2106 1666 2363
2 1103 2433 1293 2630
2 1763 2503 1853 2613
2 1813 2256 1933 2380
4 256 1296 373 1426
4 176 1220 343 1360
2 3863 436 3970 540
2 3666 573 3766 653
2 2066 1993 2133 2070
2 2156 1913 2220 2010
2 2393 1686 2463 1773
2 2450 1710 2500 1776
2 2546 1686 2623 1770
2 2513 1733 2580 1806
2 2360 1616 2443 1683
2 2570 1303 2626 1400
2 2636 1226 2703 1300
2 2523 956 2606 1050
2 2470 1066 2563 1173
2 2396 1160 2480 1246
2 2890 1900 2960 1970
2 2353 993 2433 1090
1 3703 343 4006 643
1 3596 576 3780 743
1 3450 1313 3676 1513
1 303 1963 540 2153
1 253 2113 556 2310
1 2613 686 2813 846
6 376 26 1853 670
6 423 553 2066 2113
6 650 2066 1876 2986
6 1850 2286 2883 2970
7 3080 1690 4000 2980
7 2180 340 2653 883
7 2276 1670 2823 2273
7 2990 0 3920 456
7 66 130 403 2010
