2 270 440 396 573
2 516 153 716 296
2 1246 1213 1386 1336
2 1066 1123 1140 1220
2 630 700 686 756
2 820 646 883 726
2 433 833 526 923
2 1396 1780 1580 2013
2 1753 2070 1943 2246
2 1550 920 1633 980
2 2056 1230 2146 1313
2 1980 1450 2040 1520
2 1996 1523 2053 1590
2 2116 1446 2200 1516
2 2770 300 2866 400
2 2823 166 2926 256
2 3340 2270 3500 2420
2 3433 2143 3520 2233
2 1006 933 1086 1026
2 1380 546 1470 620
2 1590 120 1650 203
2 1646 93 1700 173
2 3750 356 3856 460
2 3103 2263 3183 2380
1 2766 143 3130 430
1 3023 273 3146 446
1 3116 376 3270 530
1 1923 443 2186 610
1 780 520 1050 786
1 543 1136 796 1393
1 423 826 596 1020
1 383 896 490 1033
1 836 830 980 973
1 346 686 540 863
1 196 736 393 870
1 2730 2206 3180 2466
1 3790 2340 3993 2490
1 3200 1986 3400 2116
1 3470 2000 3713 2140
1 2693 2036 2850 2153
1 2156 1566 2320 1730
1 1910 1210 2180 1540
1 2206 690 2430 906
1 1660 840 1773 960
1 1340 426 1523 650
6 116 2006 2436 2996
6 1223 1590 1973 2116
6 2633 750 3740 1710
7 2563 1606 2813 1916
7 3730 1760 3960 2160
7 1373 1343 1800 1610
7 763 1543 1226 1996
1 2433 2416 2670 2566
1 3143 6 3260 140
1 3346 20 3533 190
1 616 690 790 866
1 660 580 800 696
1 733 546 856 656
