2 656 1373 813 1503
2 130 1466 226 1550
2 26 1020 116 1120
2 683 1516 806 1656
2 260 1473 403 1606
2 186 1703 283 1796
2 70 1783 153 1886
2 156 1936 240 2040
2 186 1830 276 1933
2 306 1873 373 1970
2 610 1710 696 1806
2 640 1826 713 1920
2 723 1803 783 1873
2 543 1906 626 1973
2 653 2040 726 2130
2 130 2843 240 2963
3 566 1080 940 1403
2 1186 873 1316 1006
2 1826 680 1883 756
4 1546 90 1680 250
4 1530 6 1686 123
4 1663 540 1836 713
2 2466 910 2563 1033
2 2410 890 2473 993
2 2623 960 2683 1053
2 2380 1066 2463 1146
2 3516 290 3616 413
2 3290 36 3406 126
2 2650 86 2740 160
2 2560 30 2653 113
2 3576 436 3626 493
2 3606 493 3693 593
2 3760 326 3840 413
2 3603 956 3733 1080
2 3720 2193 3820 2296
2 3403 2050 3466 2116
2 2640 2140 2733 2226
2 2973 2040 3043 2126
2 3216 2206 3303 2283
2 3033 2643 3126 2723
2 2883 2453 2946 2546
2 3006 2826 3083 2916
2 3280 2620 3356 2710
2 3516 2666 3606 2743
2 3486 2853 3576 2943
2 3223 2800 3346 2906
2 2240 2016 2326 2123
4 2553 2030 2693 2176
4 2383 2023 2566 2190
2 1990 1680 2040 1743
2 2046 1686 2120 1760
2 2010 1856 2066 1913
2 2410 2856 2516 2946
2 2436 2176 2536 2266
2 2310 2606 2383 2680
2 3013 2233 3100 2330
2 266 2380 333 2460
4 576 2633 783 2770
2 1800 853 1853 913
2 1183 2243 1246 2316
2 773 2186 836 2246
2 886 2176 946 2246
1 3450 76 3626 330
1 3203 26 3443 336
1 2966 326 3196 523
1 3133 813 3276 916
1 3480 2066 3816 2310
1 3280 1993 3476 2176
1 2416 1853 2766 2076
1 2236 1913 2476 2170
1 2046 1610 2180 1753
1 2036 1690 2263 1916
1 2326 876 2533 1183
1 1593 950 1680 1066
1 1656 860 1760 966
1 1816 660 1946 783
1 1540 320 1833 573
1 1336 170 1573 493
1 1653 10 1856 170
1 2826 1980 3040 2153
1 2883 2140 3096 2343
1 2763 2313 2986 2530
1 3200 2456 3450 2703
1 3140 2670 3300 2870
1 2986 2696 3120 2933
1 3010 2496 3216 2733
1 3333 2713 3566 2913
1 70 2420 266 2636
1 293 1453 636 1670
1 310 1630 613 1860
1 643 1496 950 1706
1 616 1700 830 1813
1 560 1803 776 1996
1 6 1763 160 1953
1 2226 1410 2406 1583
6 230 46 1583 1020
7 1693 973 2290 1636
7 573 1756 1470 2600
1 130 2663 470 2953
