2 836 993 910 1123
2 983 1070 1073 1200
2 2150 100 2250 213
2 1546 6 1640 96
2 740 483 846 590
2 413 1643 503 1743
2 166 2206 320 2373
2 280 2303 446 2456
2 1323 2860 1436 2966
2 3803 93 3923 213
2 2620 550 2710 666
2 1946 360 2040 490
2 2240 560 2343 680
2 2786 1170 2873 1250
1 2533 560 2753 713
1 2586 700 2716 826
2 2800 1323 2936 1463
2 3186 1566 3256 1646
1 2973 1510 3270 1696
2 2543 2263 2703 2400
2 2646 2000 2830 2153
1 3123 50 3313 206
1 2120 1276 2230 1426
1 826 973 1080 1283
6 2626 260 3023 560
6 23 1093 606 1820
6 673 1226 1410 1896
6 20 2496 756 2990
7 1593 733 2016 1156
7 2310 753 2850 1316
7 3400 80 4006 1246
7 2680 2126 2940 2430
7 2756 2396 3673 2973
1 3640 2670 4016 2973
1 3746 2013 3996 2440
7 2240 1943 2476 2200
1 206 2103 710 2436
7 13 26 953 846
7 3143 1276 3876 1696
7 2710 20 3110 253
7 2243 3 2540 243
7 1310 2233 2683 2940
5 1033 1810 1896 2213
