2 2300 193 2470 343
2 2313 96 2430 213
2 1913 96 2086 276
2 2343 430 2486 550
2 1520 393 1723 590
2 1566 53 1783 256
2 3300 293 3396 393
2 3420 383 3490 473
2 3286 583 3350 666
2 3336 743 3450 856
2 2850 223 2936 300
2 2946 206 3016 273
2 3170 66 3280 143
2 3553 36 3643 140
2 3643 333 3763 440
2 1206 2360 1430 2573
2 1530 2143 1630 2266
2 1163 1226 1273 1346
2 1100 1543 1183 1620
2 60 1450 176 1576
2 750 1523 830 1616
2 703 1730 786 1803
2 1306 1426 1406 1540
5 1820 1200 2786 1736
2 686 1000 786 1090
2 1003 740 1076 820
1 2970 373 3286 623
1 3123 660 3450 880
1 3443 26 3673 310
1 3260 233 3413 410
1 3356 300 3573 503
1 3126 40 3283 253
1 593 1253 853 1453
1 1026 1393 1220 1630
1 1120 1163 1390 1386
1 1263 1280 1483 1590
1 1206 840 1450 1166
1 593 983 833 1156
6 683 1730 3160 2986
6 3150 2203 3530 2946
6 23 2253 670 2973
7 1310 480 1783 1150
7 1800 520 2120 826
7 2070 13 2440 183
7 33 1510 786 1960
7 893 726 1300 1240
