2 2776 66 2923 200
2 2506 36 2613 126
2 2386 33 2476 116
2 2790 836 2940 996
2 2703 1043 2806 1126
2 2606 333 2696 426
2 2943 353 3106 530
2 2730 1573 2830 1660
2 2933 1556 3020 1650
2 3270 1703 3356 1830
2 3173 1686 3276 1786
2 2226 2863 2290 2950
2 2653 2883 2720 2966
2 2916 2830 3010 2926
2 3233 2006 3320 2106
2 1596 2506 1703 2626
2 246 2883 376 2993
2 3746 1310 3860 1433
2 3836 980 3946 1063
2 3470 923 3603 1026
1 2493 530 2683 650
1 2716 550 3020 1020
1 2820 300 3136 596
1 2740 60 3030 346
1 2590 293 2813 470
1 3116 520 3243 650
1 2956 3 3270 293
1 1036 2510 1216 2613
1 866 2343 1003 2460
1 733 2530 1006 2733
1 1056 2650 1256 2876
1 1086 2843 1170 2960
1 446 2520 600 2670
1 1420 2710 1586 2816
1 1413 2360 1543 2486
1 1233 2436 1380 2563
1 1293 2863 1426 2986
1 1406 2900 1570 3000
1 2296 2283 2436 2513
1 3423 1173 3680 1343
1 3676 276 3976 576
6 23 16 2540 2186
6 2920 1583 3983 2973
7 2973 690 3443 1563
7 3420 556 3903 1116
7 503 2676 1120 2983
7 1533 2170 2330 2626
7 2276 2710 2590 2970
7 26 2186 803 2470
