2 3753 876 3836 966
5 2013 563 2363 1050
2 636 2426 713 2536
2 743 2403 823 2510
2 573 2790 726 2916
2 2156 2726 2250 2833
2 2883 2710 2976 2816
2 2913 2246 2973 2343
2 2970 2120 3050 2203
2 2400 1543 2473 1633
2 2913 1853 2983 1936
2 1473 2163 1540 2243
2 1253 2310 1313 2390
2 423 2166 486 2243
2 1896 2690 1956 2746
2 1893 2743 1946 2803
2 3730 73 3810 166
1 2773 963 2900 1093
1 2810 826 2930 936
1 2563 2240 2773 2486
1 2143 2563 2360 2836
1 2420 2360 2646 2546
1 3120 2643 3353 2823
1 2980 2473 3170 2663
1 1186 2190 1376 2403
6 166 56 2296 1903
7 3176 83 3983 913
7 2236 2310 3190 2973
7 496 1910 1063 2416
1 2570 1876 2686 2086
1 2726 1596 2893 1730
