2 1940 3 2240 150
2 2860 6 3003 153
2 3150 20 3286 123
2 2820 453 2900 553
2 2973 373 3146 583
2 3183 546 3276 623
2 3263 620 3400 776
2 3643 560 3703 643
2 3783 786 3916 936
2 3716 426 3800 533
2 2813 1756 3050 2020
2 3080 2000 3270 2160
2 426 1613 583 1753
2 353 1736 460 1810
2 560 2150 716 2280
2 756 2103 860 2210
2 2843 2420 2906 2493
2 2443 1250 2510 1330
7 30 6 1506 473
7 256 473 993 1036
1 2786 1233 3300 2130
1 3576 776 3903 1086
1 563 1813 940 2333
1 173 1040 433 1416
1 176 1440 610 1820
7 1936 60 2400 350
7 816 1440 1090 1706
7 1160 1346 1846 2273
5 1536 570 1970 1226
7 2353 476 2740 1083
7 976 2250 1476 2890
7 1543 2250 2293 2990
7 3866 1286 3996 1756
7 3510 1973 3983 2753
1 3800 2653 4003 2990
2 2233 1650 2310 1733
2 2193 1620 2236 1670
2 2353 1680 2426 1743
