4 2153 1043 2336 1266
4 2093 1213 2293 1416
4 2333 1256 2603 1426
4 2323 1420 2543 1626
4 2450 1363 2636 1556
4 2233 950 2433 1163
4 2373 683 2536 990
4 2456 1023 2626 1216
4 2616 1023 2763 1243
2 2460 30 2633 286
2 2633 466 2766 603
2 2776 423 2863 573
2 3480 520 3600 656
2 3106 843 3250 970
2 3160 956 3290 1090
2 3186 1060 3316 1173
2 2576 1553 2653 1633
2 2760 1543 2843 1660
2 1990 1646 2090 1750
2 2106 1640 2200 1756
2 2183 1720 2250 1813
2 1873 1883 1970 1980
2 2070 1946 2173 2050
2 1673 2130 1826 2270
2 1743 1986 1876 2076
2 1433 1820 1550 1920
2 1453 1950 1546 2056
2 346 1766 480 1913
2 53 1936 220 2073
2 163 1860 283 2000
2 863 2036 956 2146
2 1016 1930 1110 2033
2 1366 2520 1453 2616
2 1400 2566 1486 2643
2 3093 2296 3220 2406
2 3076 2463 3163 2533
2 2973 2503 3086 2610
2 3740 2463 3916 2663
2 3896 2213 4016 2350
2 3180 1740 3340 1846
2 2180 2003 2290 2103
2 2260 2133 2360 2246
2 2060 2093 2150 2180
2 2130 2276 2226 2386
2 2620 1893 2686 1983
1 3736 3 3990 226
1 3260 363 3636 530
1 3356 503 3573 743
1 3306 740 3586 963
1 3680 706 3950 923
1 3676 620 3823 753
1 3100 1020 3666 1413
1 2623 1506 2846 1756
1 2196 1690 2323 1843
1 2370 1870 2470 2033
1 1600 2003 1873 2423
1 1980 1573 2216 1810
1 773 2280 1223 2513
1 3596 1276 3810 1540
1 3080 1523 3266 1693
1 1360 2416 1560 2653
6 20 16 2196 1780
7 3260 23 3683 243
7 3656 230 3996 736
7 2610 670 3063 1253
7 63 1893 860 2980
7 880 2526 1493 3006
7 1473 2166 2286 2960
7 976 1850 1496 2403
7 3296 1820 3960 2866
1 3663 1703 4006 2000
1 3523 2056 3716 2290
7 2320 1666 3013 2240
7 3076 1856 3296 2256
