2 870 280 1033 433
2 1953 26 2040 116
2 2126 73 2243 183
2 2660 166 2750 260
2 463 383 553 486
2 566 430 640 506
2 620 496 700 586
2 153 886 240 963
2 316 1083 406 1183
2 946 960 1030 1040
2 633 1246 726 1343
2 670 676 760 783
2 570 653 676 756
2 960 833 1040 903
2 296 1573 370 1670
2 713 1653 806 1743
2 926 1876 1016 1993
2 796 1776 893 1886
2 690 2080 776 2146
2 703 2153 793 2223
2 1340 1940 1423 2013
2 1610 1816 1686 1906
2 1283 1663 1383 1750
2 1206 1780 1286 1853
2 1693 2050 1760 2120
2 1736 2130 1836 2230
2 1753 1990 1820 2056
2 1533 2126 1620 2196
2 1913 2126 2003 2220
2 1353 2296 1450 2390
2 2420 2063 2486 2143
2 2396 1953 2450 2026
2 2603 2076 2703 2153
2 2600 2193 2673 2263
2 2753 2296 2836 2373
2 1840 53 1933 146
2 1603 593 1696 746
2 1703 800 1846 910
2 2776 646 2853 730
2 2810 530 2883 613
2 2930 570 3060 696
2 2926 380 3020 466
2 3126 436 3236 550
2 3080 926 3193 1050
2 3330 296 3396 373
2 3433 26 3536 100
2 3376 730 3476 803
2 3380 813 3443 893
2 3363 1030 3453 1140
2 3110 1830 3180 1906
2 3383 1770 3460 1853
2 3403 1570 3483 1666
2 3350 1526 3440 1603
2 3590 1800 3686 1880
2 1423 2633 1496 2696
1 3373 1063 3860 1290
1 3596 1763 3830 2000
1 2943 2313 3230 2710
1 1743 1933 1893 2076
1 1870 2036 2053 2273
1 2036 2190 2226 2376
1 2446 1863 2713 2186
1 1290 2210 1573 2396
1 1383 2336 1543 2546
1 893 1253 1096 1480
1 1060 1220 1210 1353
1 1086 1073 1343 1246
1 920 910 1090 1120
1 746 1090 916 1300
1 583 1066 746 1210
1 556 963 653 1040
1 640 970 793 1103
1 570 746 743 993
1 713 576 876 896
1 173 1043 426 1200
1 10 1306 200 1560
1 3046 190 3316 436
7 1790 963 2733 1810
1 2780 846 2976 1326
7 1373 20 1920 240
7 1800 423 2250 913
7 3463 23 3980 806
7 3700 1326 4000 1910
7 3633 1960 3996 2500
7 3220 2176 3696 2906
7 1573 2200 1963 2590
7 1996 1870 2286 2253
7 846 2053 1250 2346
1 1413 1810 1543 2016
1 906 1823 1160 2013
1 640 1860 826 2173
7 416 1160 856 1566
1 433 1336 633 1513
7 40 1606 740 2200
7 23 56 620 966
