5 1356 283 1923 826
2 2126 270 2233 373
2 2056 266 2156 353
2 2056 356 2120 420
2 2346 673 2410 743
2 2523 486 2580 563
2 2533 383 2620 476
2 2936 176 3023 270
2 3193 50 3276 146
2 3136 456 3233 546
2 3170 570 3243 643
2 3300 550 3376 626
2 3543 553 3606 640
2 3526 606 3616 693
2 3790 1443 3860 1546
2 3783 1353 3870 1423
2 3616 1580 3710 1710
2 3683 1583 3800 1686
2 3813 1600 3906 1706
2 3650 1713 3756 1833
2 3556 2480 3680 2583
2 3456 2370 3550 2463
2 3570 2363 3650 2436
2 3383 1970 3473 2090
2 3740 2056 3810 2143
2 3556 2093 3633 2170
2 3576 2230 3636 2290
2 3700 2280 3786 2383
2 2166 1890 2243 1996
2 2173 1816 2273 1893
2 2006 1953 2093 2050
2 2086 2283 2183 2386
2 2470 2060 2566 2146
2 2320 2116 2376 2206
2 2420 1690 2516 1800
2 2580 2603 2660 2696
2 2340 2593 2446 2723
2 2130 2703 2226 2813
2 2120 2826 2196 2953
2 3006 2816 3086 2930
2 2853 2606 2943 2716
2 1846 2740 1920 2813
2 1866 2506 1963 2626
2 1746 2396 1853 2496
2 1736 2233 1823 2356
2 1413 2763 1496 2840
2 1470 2800 1533 2900
2 1283 2733 1336 2806
5 40 1186 653 2103
4 2510 2240 2690 2383
4 2550 2073 2710 2260
4 2686 2123 2803 2266
4 2720 2256 2863 2426
4 2790 2120 2910 2303
4 2776 1993 2933 2136
4 2883 2106 3033 2283
4 3350 3 3493 143
4 3480 16 3643 136
4 3630 6 3806 116
4 3596 96 3713 223
4 3590 166 3786 303
4 3566 283 3726 406
4 3536 390 3723 490
4 3516 453 3743 623
4 3720 273 3860 413
4 3726 403 3866 546
4 3753 123 3883 263
5 590 983 2043 1483
2 1576 50 1673 176
4 1340 2640 1513 2836
4 1446 2546 1573 2743
4 1526 2426 1670 2526
4 1580 2470 1736 2613
1 3016 0 3160 160
1 3170 183 3306 326
1 3143 973 3343 1140
1 3360 1010 3483 1190
1 3390 1180 3570 1333
1 3790 1403 4003 1580
1 3813 1210 3986 1380
1 3810 403 4003 650
1 1986 280 2226 536
1 2023 626 2173 773
1 680 1610 840 1826
1 656 1486 783 1646
1 113 1903 433 2296
1 2030 2070 2186 2273
1 2173 1823 2320 2056
1 2370 1673 2556 1933
1 2023 1893 2200 2076
1 1796 2033 2033 2210
1 1720 2170 1950 2313
1 1763 2243 2003 2520
1 1983 2233 2083 2460
1 2533 2526 2760 2820
1 2793 2560 3096 2903
1 2546 2390 2776 2543
1 803 2660 983 2853
2 2440 423 2506 496
1 2076 153 2330 330
7 430 2713 960 2986
7 2330 1700 2706 2353
7 1763 2550 2866 2983
1 3510 1616 3810 1930
7 3630 1576 3990 2553
7 3446 666 3993 1466
7 1860 536 2340 886
7 2323 10 3013 530
7 2990 193 3540 753
7 2036 993 2856 1673
