4 3810 116 4010 313
4 3673 1180 3840 1366
4 1346 920 1473 1066
4 1446 970 1570 1140
4 1560 933 1703 1146
4 1696 910 1800 1050
4 536 880 690 1023
4 656 913 800 1053
2 3916 436 4000 606
2 2166 740 2253 836
2 2286 680 2380 760
2 1976 613 2186 773
2 1543 426 1643 563
2 1446 423 1516 496
2 1386 810 1463 880
2 1500 790 1543 870
2 1520 736 1586 786
2 1986 2030 2106 2146
2 1980 2173 2040 2253
2 2603 1813 2680 1910
2 2713 1856 2880 1966
2 2586 970 2703 1076
2 2700 1100 2813 1193
2 2816 916 2893 1010
2 2653 800 2730 896
2 2596 703 2680 786
2 2320 1043 2370 1133
2 103 1423 206 1540
2 933 1586 1040 1696
2 690 1566 786 1666
2 2280 2656 2420 2800
2 3556 2430 3656 2570
2 3783 1873 3933 1970
2 486 2280 563 2363
2 2906 2906 2996 2976
2 2786 2876 2860 2956
4 2646 2330 2906 2503
4 2773 2490 2936 2676
4 2613 2493 2786 2666
4 2553 2606 2713 2793
4 2813 2570 3026 2770
2 1073 2350 1140 2430
5 583 1686 1690 2263
6 1783 10 2630 563
7 3193 943 3686 1410
7 2906 803 3250 1113
7 2110 890 2616 1470
7 2666 1346 2880 1596
7 1593 1216 1976 1533
7 1156 1170 1523 1420
2 1256 1403 1440 1610
7 13 40 1060 1470
7 1066 700 1380 1203
7 1090 13 1766 413
5 46 1640 566 2223
7 893 2373 1403 2873
7 1446 2306 1993 2936
7 2090 2413 2486 2806
5 3023 1813 3480 2930
1 3433 2343 3740 2713
1 3680 2073 4010 2316
1 3666 1810 3993 2106
7 3476 2400 3986 2990
7 2693 43 3223 663
1 3713 430 4000 653
