2 2846 200 3263 580
2 2926 33 3166 236
2 3613 1196 3750 1373
2 170 760 256 853
2 546 1926 646 2013
2 650 2013 733 2110
2 603 2326 663 2403
2 530 2203 600 2276
2 500 2310 566 2390
2 353 2853 440 2970
2 2473 1806 2650 1996
2 2036 713 2120 803
2 1940 556 2013 626
4 913 286 1113 516
2 1070 343 1120 403
2 1070 190 1133 263
2 1263 253 1356 336
2 1870 1263 1916 1303
2 3323 1550 3396 1626
1 1006 943 1120 1086
1 1063 1066 1183 1190
1 1140 943 1236 1073
1 1216 970 1323 1116
1 923 1450 1033 1560
1 1326 1410 1513 1536
1 1120 1213 1213 1353
1 343 140 453 240
1 533 920 686 1030
1 130 2076 283 2263
1 223 2516 426 2686
1 10 2370 210 2520
1 3 2113 133 2330
1 1836 1193 1963 1313
1 3246 1143 3733 1400
1 3363 1456 3483 1566
1 3183 1576 3320 1686
1 2476 1636 2933 2050
1 2713 806 2853 966
6 746 2376 1376 3013
6 2916 1293 3503 2133
7 2323 56 2933 516
7 2326 523 2810 1160
7 3360 136 3970 1916
7 1833 2016 3993 2996
7 506 1570 846 1863
7 356 2013 920 2533
7 20 1020 553 2046
7 13 26 433 973
7 406 286 773 843
7 2346 1120 2920 1806
7 2893 946 3286 1290
7 1270 30 2206 466
5 1376 53 2223 396
