2 1513 166 1590 270
2 1626 590 1723 703
2 1626 503 1710 583
2 1953 290 2056 393
2 1913 730 2016 856
2 2170 840 2290 960
2 1340 760 1456 893
2 1453 673 1570 776
2 1606 936 1683 1026
2 1760 950 1836 1046
2 1880 1040 1936 1133
2 1433 1090 1510 1180
2 1520 1053 1596 1143
2 1293 1093 1386 1186
2 826 653 913 773
2 600 2553 726 2693
2 870 2366 953 2476
2 1660 1970 1740 2080
2 1333 2610 1393 2680
2 2413 1970 2540 2090
2 2453 2146 2526 2200
2 2513 1786 2600 1883
2 2626 1700 2746 1833
2 2633 1976 2720 2076
4 1793 170 1943 286
4 1716 273 1830 410
4 1830 336 1943 476
4 2060 350 2210 550
4 2070 646 2240 793
4 2203 296 2433 460
4 1950 80 2100 236
4 2003 166 2133 340
4 2083 6 2216 193
4 2196 36 2303 243
4 2300 16 2443 256
4 2466 173 2680 400
4 2460 6 2656 173
2 2640 516 2730 610
2 2786 483 2910 603
2 2880 230 2940 316
2 2586 650 2686 746
2 3810 1306 3873 1383
2 843 1813 900 1890
4 2560 2086 2673 2363
4 2676 2216 2870 2403
4 2703 2036 2950 2246
4 1000 1376 1210 1556
4 1186 1320 1320 1473
4 1083 1473 1266 1733
1 3820 1293 3986 1403
1 3780 1233 3923 1320
1 3430 1706 3670 1903
1 3390 2463 3646 2680
1 2610 1873 2840 2093
1 2863 1963 3066 2116
2 2183 1833 2273 1916
1 2730 2883 3006 2990
1 176 2736 490 2963
1 626 2826 793 2963
1 553 2446 840 2693
1 1230 676 1496 886
1 1230 866 1440 1180
1 1060 750 1283 1026
1 1173 313 1453 580
1 1456 596 1626 796
1 1626 496 1833 733
1 1863 613 2056 860
1 1710 793 1953 1140
1 2673 473 2973 740
2 2526 740 2620 873
1 1853 1080 2180 1280
1 1653 1190 1976 1350
6 23 16 1176 1050
6 1783 1903 2460 2900
6 2273 843 3666 1956
6 2653 2096 3646 3006
7 2880 6 3860 730
7 273 1803 973 2850
7 1000 1606 1806 2986
7 1323 1170 1783 1623
7 326 1046 1250 1493
7 3633 1966 3986 2433
7 1820 1513 2103 1860
7 2133 1546 2326 1870
1 3653 910 4010 1113
1 3850 1136 4000 1266
1 1670 1773 1806 1920
