2 3473 1196 3603 1356
2 3856 970 3923 1053
2 3746 886 3863 986
2 2476 510 2576 630
2 2276 723 2383 810
2 2390 656 2486 746
2 2500 740 2593 820
2 2680 673 2760 773
2 2150 560 2260 673
2 2116 406 2210 500
2 2050 346 2110 433
2 1636 116 1743 226
2 2043 953 2170 1110
2 2236 1120 2380 1250
2 2940 1063 3010 1173
2 3003 1046 3113 1180
2 3326 1983 3403 2056
2 3686 2040 3776 2130
2 3853 1960 3970 2090
2 3786 2286 3856 2380
2 3706 2200 3786 2273
2 2350 2420 2413 2490
2 503 2580 580 2683
2 580 2513 643 2623
2 726 2400 850 2520
2 423 2820 506 2933
2 90 2043 160 2136
2 453 2010 570 2096
2 403 1956 456 2036
2 290 1570 363 1640
5 2693 1410 3510 2520
1 3443 1146 3800 1450
1 2040 2670 2396 2853
1 2306 2413 2553 2606
1 673 2376 846 2596
1 2373 440 2616 686
6 946 43 1553 436
6 2316 33 2850 456
7 2520 613 3346 1440
7 1966 803 2366 1260
7 36 90 1013 460
7 630 513 1436 1163
7 1170 2450 1503 2813
7 20 903 503 1516
7 216 1786 1030 2356
