2 206 270 343 410
2 60 286 183 406
4 1946 10 2113 146
4 2110 33 2276 210
4 1840 126 1976 310
4 1723 10 1896 163
4 1463 33 1620 240
4 910 210 1140 386
4 1943 1286 2060 1426
4 2026 1263 2146 1400
4 2126 1216 2206 1363
4 2053 1170 2166 1273
4 2133 1203 2280 1336
4 2136 1086 2273 1263
4 2056 946 2203 1070
4 2150 830 2340 1033
4 2183 1393 2390 1533
4 2163 1470 2310 1676
4 2016 1460 2106 1636
4 2076 1426 2196 1580
4 2320 1380 2500 1503
4 1140 1720 1290 1826
4 1266 1666 1396 1816
4 1283 1553 1436 1693
4 1206 1450 1350 1633
4 3640 1943 3880 2100
4 3746 2073 3950 2230
4 3763 2230 3960 2390
4 3870 2383 4003 2576
4 3600 2120 3773 2270
4 3640 2280 3780 2456
4 3240 1956 3493 2140
4 3310 1806 3526 1960
4 3133 1856 3333 2026
4 2870 2020 3026 2183
4 2716 2096 2913 2253
4 2726 2003 2880 2143
4 2790 1760 2933 1936
4 2316 753 2450 910
4 2256 250 2443 380
2 620 523 756 660
2 780 563 863 653
2 850 546 930 630
2 770 490 833 556
2 840 460 926 536
2 983 770 1046 870
2 773 1030 866 1123
2 590 1090 653 1180
2 940 986 1016 1093
2 1176 1126 1256 1220
2 1186 1246 1246 1310
2 1236 1313 1303 1406
2 1353 1290 1403 1346
2 666 1486 740 1543
2 683 1536 746 1613
2 1473 1773 1543 1863
2 2223 1723 2316 1823
2 2470 860 2586 990
2 2400 893 2476 980
2 2503 1000 2593 1096
2 2543 1136 2666 1266
2 2223 433 2330 553
2 3140 2140 3243 2236
2 3016 2240 3096 2323
2 3130 2346 3236 2440
2 3193 2653 3283 2733
2 3490 2096 3596 2186
2 3370 2210 3423 2290
2 3490 2283 3563 2353
6 2576 53 3993 1063
7 1400 1036 1960 1483
7 1106 1976 1326 2170
7 16 1976 390 2966
7 0 560 753 1243
7 3086 1070 3450 1406
7 3443 1100 3826 1550
7 2726 2403 3950 2980
1 2413 1370 2636 1570
1 2280 1526 2516 1726
1 2140 1676 2320 1896
1 1426 1980 1636 2236
1 1350 1900 1506 2060
1 1416 1720 1540 1883
1 1530 1786 1683 2023
2 1610 1876 1676 1973
1 956 470 1173 713
1 1993 533 2116 663
1 2216 370 2486 573
1 283 2516 453 2660
7 400 2150 1593 2966
1 683 2126 840 2356
