4 2020 773 2266 953
5 2166 1450 2633 1776
4 3770 1096 3993 1240
4 3706 946 3906 1130
4 3780 813 3993 960
4 2046 996 2216 1193
4 2040 1243 2200 1430
4 2226 1223 2400 1430
2 3770 156 3976 333
2 3890 573 3993 673
4 1223 1940 1370 2146
2 3460 1863 3556 1956
2 3253 1680 3333 1760
2 2716 2093 2826 2196
2 1706 2566 1883 2723
2 116 2560 200 2653
2 16 2730 80 2840
2 30 2126 126 2246
2 1010 1673 1096 1760
2 1076 1616 1166 1716
2 1310 1683 1380 1766
2 1016 1430 1090 1490
2 806 356 910 466
2 766 196 906 326
2 2300 1963 2386 2060
2 2196 2043 2290 2146
2 2170 1663 2246 1753
2 2036 73 2136 183
2 1936 260 1993 336
2 3523 423 3596 506
1 3546 610 3713 836
2 3570 710 3640 780
1 2480 1673 2870 2163
1 2293 1993 2476 2220
1 900 2696 1330 2993
1 1086 1570 1360 1840
1 636 110 923 446
1 506 623 643 756
1 826 806 1010 986
1 2963 440 3200 653
2 2440 926 2510 1020
2 2506 896 2573 966
7 2990 23 3726 503
7 3256 1506 3973 2453
7 3143 2546 3940 2956
7 2426 2266 3106 2973
7 2013 2773 2590 2976
7 1386 2103 1940 2903
7 1953 2186 2373 2600
7 1173 716 1976 1953
7 370 2036 1170 2783
7 30 630 933 1566
7 1603 203 2196 753
