2 753 1423 816 1510
2 2320 30 2453 186
2 2963 1263 3043 1360
2 2866 1300 2960 1393
2 3926 443 4010 603
4 1373 1550 1460 1680
4 1450 1563 1596 1736
4 1563 1530 1646 1680
4 1620 1510 1813 1690
4 1873 1156 1980 1383
4 1800 1316 1976 1510
4 2060 713 2213 866
4 2000 783 2100 926
2 1920 730 1966 800
2 1976 680 2070 773
2 2783 2180 2913 2326
2 2206 1923 2290 2023
2 2373 1896 2456 1983
1 1896 1630 2256 1916
1 1816 1546 2053 1726
1 2370 1423 2606 1646
2 2620 1590 2716 1666
1 3046 943 3366 1220
1 2263 30 2576 290
2 2520 160 2593 233
6 26 16 1743 1393
7 30 1406 806 2970
7 1626 1956 2270 2403
7 1383 2686 2153 2993
1 2213 2576 2356 2863
1 2360 2330 2530 2610
7 3256 26 3856 706
7 2320 2116 3790 2990
7 3363 803 4000 2210
7 1930 750 2836 1396
7 2226 1493 2643 2083
7 2933 1473 3353 2063
