4 2190 863 2350 1020
4 2323 986 2453 1130
4 2136 1073 2303 1220
4 2180 1200 2280 1343
4 2243 1140 2383 1276
4 2376 1173 2500 1306
4 2516 1196 2643 1393
4 2616 1266 2730 1400
4 2683 1320 2883 1516
4 2896 1343 3040 1493
4 2763 1053 2963 1260
4 2646 1153 2820 1320
4 2580 1033 2733 1200
4 2610 933 2753 1083
4 2420 926 2540 1083
4 2430 756 2570 950
2 3366 2186 3576 2440
2 3033 2340 3230 2520
2 2730 2196 2806 2286
2 2883 2420 2990 2520
2 3120 2630 3253 2753
2 3316 2656 3406 2763
2 3363 2880 3503 3003
2 3083 2750 3170 2850
2 3033 2610 3103 2690
2 3653 1940 3763 2056
2 3043 426 3140 520
2 3066 346 3143 423
4 2826 763 2993 926
4 3036 846 3186 1016
4 2956 2836 3056 2980
2 926 1520 993 1610
2 846 1500 923 1576
2 1100 1303 1180 1390
2 1580 1616 1663 1710
2 1730 1746 1786 1816
2 666 2210 790 2323
2 1396 1226 1466 1300
2 1513 1193 1576 1256
2 23 1003 93 1070
2 473 2546 543 2623
5 3060 10 3520 276
1 3453 986 3656 1200
1 3710 1110 3990 1383
1 2640 773 2853 963
1 3000 1013 3146 1143
5 2526 40 3040 520
1 2776 2380 2976 2580
1 2740 2660 3013 2846
1 2663 2820 2806 2986
1 3160 2773 3540 2993
1 896 2880 1060 3006
1 936 2623 1156 2876
1 916 2423 1040 2576
4 1150 2720 1283 2876
4 1293 2736 1373 2880
4 1256 2636 1403 2746
4 1123 2883 1303 2993
1 536 2003 776 2310
1 520 2173 636 2356
1 843 1920 1026 2133
2 936 1970 1010 2056
2 873 1906 940 1986
1 1260 1916 1433 2180
1 1176 1983 1273 2130
1 1396 1816 1530 2096
1 1403 1580 1680 1810
1 686 1656 976 1926
1 563 1533 763 1720
1 1353 1143 1516 1323
1 640 2706 763 2960
1 13 2256 493 2883
6 36 20 2530 326
6 30 363 490 940
6 496 350 1336 593
7 2216 1863 2770 2390
7 2156 1383 2770 1746
7 3006 1843 3780 2573
7 3010 1223 3406 1783
7 3043 303 3753 980
7 3603 1943 3973 2966
7 2146 2773 2500 2996
7 3 1730 786 2236
1 230 1650 453 1903
7 1486 603 1763 1390
2 1633 2013 1710 2093
