5 2666 46 3850 380
2 3453 413 3540 526
2 3013 480 3100 553
2 2446 110 2520 183
2 2536 100 2610 180
2 2296 96 2353 173
2 1923 246 1980 323
2 1873 150 1963 223
2 1983 80 2020 133
2 2233 866 2330 950
2 1626 376 1713 476
2 1056 73 1136 160
2 1066 10 1153 66
2 320 490 396 563
2 446 1306 556 1403
2 213 2213 273 2266
2 970 1636 1073 1723
2 753 2563 833 2660
2 913 2540 1003 2646
2 1236 2253 1326 2353
2 1213 2170 1313 2246
2 1430 2343 1503 2433
2 1616 2296 1673 2366
2 2850 1720 2923 1790
2 2920 1706 2983 1790
2 3566 1706 3670 1820
2 3903 1553 3986 1646
2 2943 1133 3056 1233
2 1523 1086 1610 1173
2 1620 1076 1710 1156
2 1710 1153 1813 1260
2 1813 1150 1866 1226
2 1910 1190 1973 1256
2 1783 1650 1870 1750
2 2180 1483 2230 1573
2 2340 1663 2420 1756
2 2383 1506 2456 1583
2 2590 2723 2660 2806
2 2346 2593 2406 2666
2 2466 2356 2533 2426
2 3783 1466 3843 1546
2 1130 1133 1210 1230
2 1140 1263 1193 1326
5 1276 1683 2096 2180
2 1736 1416 1810 1486
4 1693 1310 1786 1423
2 3570 1960 3683 2070
1 3123 1463 3396 1753
1 3323 1743 3660 2103
1 3660 1420 3880 1556
1 2710 1366 2863 1576
1 1740 1460 2003 1746
1 2063 1500 2256 1623
1 1990 1343 2203 1540
1 1493 1080 1663 1300
1 1593 833 1730 1066
1 1660 1123 1800 1326
1 1810 1146 1900 1313
1 1136 1146 1366 1316
1 1326 1246 1550 1446
1 923 1636 1116 1923
1 286 1023 560 1233
1 456 853 580 980
1 476 780 593 870
1 1123 1510 1243 1636
1 1140 1623 1383 1836
1 1693 1776 1783 1910
1 2023 1793 2156 1970
1 2226 2020 2400 2120
2 2256 2123 2336 2196
1 2280 2240 2443 2373
1 2296 2310 2450 2493
1 2440 2346 2626 2583
1 2433 2580 2530 2740
1 2336 2540 2466 2683
1 2143 2573 2320 2750
1 1536 2240 1653 2446
1 116 2143 300 2276
1 450 2133 543 2253
1 543 2173 773 2350
1 230 1400 430 1533
1 1473 283 1710 486
6 73 2280 726 2963
7 3396 216 3996 1146
7 3046 1250 3313 1466
7 2543 1590 2696 1786
7 1530 1963 2020 2203
7 1523 2383 2160 2986
7 2633 2410 2800 2780
7 13 1273 933 2146
7 1850 570 2703 1216
7 50 353 526 1140
7 583 423 1306 1180
7 1270 876 1610 1156
7 743 2170 1023 2433
7 853 2420 1523 3010
1 790 2756 980 2963
1 1050 2136 1343 2523
1 1866 140 2026 363
1 1926 30 2106 263
1 2223 1350 2383 1610
