2 1980 263 2163 423
2 2676 2240 2793 2350
2 3750 2813 3956 2976
2 280 2053 380 2163
2 1070 1513 1180 1640
2 1270 2290 1350 2376
2 1840 2760 1913 2843
2 876 2366 956 2463
1 1150 2223 1266 2360
1 1013 2300 1253 2490
1 910 2210 1130 2373
1 2450 2606 2883 2996
1 1743 2433 2150 2800
4 3520 2043 3700 2186
4 3400 1970 3610 2160
4 3660 2076 3866 2283
6 536 33 1893 1043
6 2173 23 3983 503
6 1890 490 3240 1760
6 1010 1023 1903 1610
6 1426 1706 2103 2610
6 3470 996 3980 1796
7 3440 810 3680 1016
7 3246 1136 3476 1856
7 2240 2050 2666 2576
7 2833 2253 3656 2913
7 1863 2636 2400 2976
7 720 1890 1013 2696
7 976 2490 1443 2880
7 20 380 703 1280
7 33 2193 693 2966
2 2220 2666 2286 2733
2 1413 1913 1473 1980
7 1446 2603 1760 2900
7 0 1400 563 2103
7 736 1093 1010 1440
