2 1253 46 1376 230
2 1380 96 1503 223
2 2153 163 2220 250
2 2066 3 2156 86
2 1976 60 2046 133
2 1133 170 1213 243
2 1203 226 1290 313
2 456 1203 516 1293
2 1056 1196 1126 1290
2 1216 1330 1290 1410
2 1456 1386 1506 1450
2 1520 1343 1590 1443
2 1763 1296 1850 1410
2 1013 1486 1093 1553
2 546 2606 620 2686
2 646 2660 726 2753
2 713 1330 793 1403
2 2523 850 2743 1093
2 2866 1180 3053 1383
2 3370 630 3606 836
2 3100 140 3413 436
2 2093 1040 2193 1133
2 2003 1023 2073 1123
2 2340 2813 2423 2913
2 2493 2836 2580 2930
2 3386 2670 3466 2766
5 3083 2460 3636 2876
2 816 2226 880 2313
2 650 2163 716 2236
2 766 2160 830 2233
2 1063 2190 1146 2283
2 1123 2190 1203 2270
2 1153 2126 1196 2173
2 1270 2710 1346 2780
1 1280 36 1840 253
1 2020 936 2266 1160
1 2156 840 2336 990
1 1703 1240 1946 1466
1 1920 1903 2080 2210
1 1490 2290 1640 2446
1 926 2850 1103 2993
1 1126 2810 1230 2966
1 1050 2536 1193 2676
1 456 1886 656 2010
1 483 1990 636 2153
1 86 1820 346 2043
1 1020 1146 1180 1360
1 1030 173 1280 383
1 2510 2416 2610 2526
1 2536 2306 2650 2426
1 73 940 276 1153
1 100 1280 226 1396
6 2403 666 3136 1566
6 3140 123 4016 1050
6 3113 980 3970 2273
7 2086 30 2703 413
7 1330 286 2186 1133
7 2156 1200 2820 1916
7 2656 2120 3123 2966
7 1133 1283 1863 1940
7 240 13 1160 480
7 13 593 1076 1530
7 586 1710 1013 2416
7 13 2000 380 2533
