2 2480 450 2600 583
2 2386 490 2463 583
2 2240 403 2333 510
2 2243 543 2356 656
2 2133 403 2223 490
2 2423 286 2523 406
2 3790 1840 3946 1983
2 1850 2123 2020 2453
2 2036 2740 2310 2930
2 216 1953 283 2060
2 303 2066 396 2176
2 136 2103 236 2193
1 2466 356 2846 623
1 2400 1586 2733 1873
1 3483 1533 3863 1980
1 3843 1966 4003 2333
6 6 23 1940 1186
7 3503 20 4016 693
7 1986 23 2420 236
1 2106 173 2406 423
7 3343 1186 3673 1623
7 520 1456 1533 2940
1 1400 1656 1590 1800
1 20 1783 346 2133
1 2413 1036 2603 1396
