2 693 803 813 906
2 610 776 693 860
2 450 886 513 956
2 246 1303 316 1356
2 423 1183 516 1266
2 843 1143 893 1203
2 883 1306 943 1363
2 960 1553 1036 1630
2 1006 1380 1053 1433
2 1546 1910 1623 2000
2 1680 1953 1746 2030
2 1490 1540 1576 1650
2 1573 1453 1663 1543
2 1523 1376 1576 1446
2 1620 1293 1703 1383
2 1756 2770 1863 2883
2 2176 2643 2280 2723
2 2180 2813 2326 2926
2 3590 2393 3826 2590
5 1740 1686 2226 2513
2 3080 96 3166 190
2 3130 0 3223 60
2 3523 766 3600 833
2 3650 916 3726 986
2 1100 673 1180 753
2 1343 303 1406 373
2 1256 253 1313 326
2 956 63 1036 156
2 1646 2146 1713 2213
2 1750 2303 1820 2380
2 2813 2180 2933 2306
1 3420 1383 3553 1500
1 3280 706 3653 1013
1 923 560 1123 790
1 1550 1450 1713 1623
1 1483 1540 1680 1780
1 1180 1643 1326 1806
1 1070 1463 1286 1646
1 856 1310 1096 1520
1 130 1130 306 1300
1 20 1176 136 1273
1 246 1420 386 1550
1 196 1660 410 1813
1 580 2030 770 2266
1 846 2160 956 2273
1 1256 1923 1413 2066
1 16 2546 190 2796
1 2620 2256 2803 2540
1 2873 2223 3100 2543
1 740 956 953 1130
1 503 1050 623 1206
1 470 900 680 1073
7 3043 2120 3410 2856
7 3380 1346 3993 2430
7 1710 140 2583 1146
7 1200 1836 1736 2443
7 1560 1340 2100 1653
7 123 1756 913 2976
7 100 1130 956 1726
7 10 36 180 753
