4 3403 243 3750 473
2 1620 480 1856 736
2 1483 66 1720 276
2 1526 1253 1786 1510
2 766 1660 1010 1960
2 1233 1736 1550 1953
2 2040 1810 2160 1923
2 2023 1690 2130 1790
2 1806 1463 1913 1586
2 2266 1720 2343 1803
2 2370 1750 2456 1846
2 2300 1890 2366 1963
2 3633 1353 3756 1456
4 2096 760 2250 1003
2 3780 2280 3886 2413
2 3660 2710 3756 2830
2 3680 1830 3766 1913
2 3740 1583 3840 1673
2 3746 1656 3823 1743
2 803 2536 1013 2716
2 520 2810 626 2946
1 3486 436 3863 683
2 3636 550 3716 653
2 3736 576 3840 683
1 3510 1330 3796 1543
1 3123 1096 3210 1220
1 2530 1493 2696 1626
1 1920 1676 2170 1930
1 3496 2173 3646 2323
2 3520 2223 3606 2303
1 3486 1900 3710 2110
1 3610 2186 3923 2460
1 3186 1080 3313 1176
1 3223 1136 3306 1260
1 1966 846 2090 1010
2 2790 2436 2900 2530
6 1813 2310 2893 3003
6 2880 2683 3510 3006
6 20 13 1073 2046
6 1080 113 1796 1820
6 2423 20 3083 596
6 3026 83 3466 986
7 1536 1770 2146 2213
7 26 2043 1280 2970
7 1260 2330 1753 2986
7 2146 2080 2416 2303
7 1793 206 2033 1046
7 3640 606 3976 1653
1 3896 1906 4020 2156
7 3650 2626 3986 2986
7 2720 1410 3500 2580
7 1863 923 2600 1660
