2 3503 206 3586 306
2 2300 170 2413 286
2 2493 183 2593 273
2 2426 590 2533 710
2 3803 1123 3886 1236
2 3873 2383 4003 2583
2 3153 1026 3236 1110
2 2970 1060 3046 1146
2 3500 2046 3633 2216
2 3340 2260 3520 2393
2 1843 1693 1923 1776
2 1940 1586 2036 1683
2 2073 1700 2160 1783
2 780 1843 883 1943
2 343 1780 420 1890
2 36 1056 113 1170
2 2353 2876 2453 2960
2 2390 2723 2446 2806
2 490 2723 576 2820
2 866 376 983 496
2 1480 150 1576 270
2 1630 76 1706 183
1 3620 266 3983 476
1 2350 563 2670 933
1 950 1563 1113 1810
1 1010 1236 1180 1536
1 763 1430 1040 1643
1 503 1510 786 1816
1 753 1590 970 1943
1 330 1596 593 1893
1 3680 2253 4003 2763
1 3470 1986 3890 2270
2 2900 983 2946 1043
2 2960 990 3010 1050
2 2793 1280 2856 1370
1 2286 1130 2503 1296
7 2566 793 3666 1946
7 1506 30 3300 446
2 3080 273 3136 346
1 1420 16 1760 270
7 570 20 1410 443
1 843 170 1040 513
7 270 860 1033 1403
7 23 1230 333 1870
7 40 1970 863 2860
7 1180 2340 1516 2810
7 2220 1893 3146 2973
7 1880 990 2116 1233
