2 2233 310 2393 490
2 2213 86 2333 230
2 3243 133 3350 236
2 3043 43 3140 140
2 3163 173 3253 293
2 3266 880 3343 996
2 3420 760 3493 846
2 3546 783 3643 880
2 3586 683 3680 776
2 3193 720 3263 800
2 2896 863 2970 936
2 3003 840 3076 950
2 2906 773 2990 836
2 3356 1156 3446 1256
2 3670 1310 3753 1393
2 3433 1320 3526 1433
4 2766 636 2880 780
4 2773 746 2903 900
4 2726 856 2880 1056
4 2696 803 2796 946
4 2620 816 2743 963
4 2690 690 2803 830
4 2696 623 2810 736
4 1953 793 2143 950
4 2123 806 2310 980
4 2060 1456 2170 1580
4 2163 1410 2330 1560
4 2306 1413 2443 1573
4 2223 1496 2346 1656
4 2413 1226 2556 1376
4 2410 1373 2570 1510
4 2720 1536 2836 1833
4 2800 1496 2963 1653
4 2736 1316 2933 1520
4 2676 2036 2833 2160
4 2783 2163 2966 2310
4 3190 1700 3343 1843
4 706 216 853 376
4 526 246 746 453
2 2633 220 2716 303
2 2776 186 2856 263
2 2636 720 2690 810
2 2506 480 2573 540
2 2626 2643 2700 2743
2 2553 2630 2600 2696
2 2390 2330 2476 2423
2 2323 2226 2400 2320
2 2343 2553 2413 2620
2 2713 2643 2793 2750
2 3310 2413 3470 2573
4 2713 2506 2850 2640
2 2933 2840 3026 2950
2 2970 1830 3043 1916
2 2806 1970 2903 2053
2 2900 2053 2980 2150
2 3093 2123 3193 2200
2 1340 120 1430 206
2 1606 230 1693 340
2 1536 320 1613 400
2 1173 436 1246 516
2 1443 226 1520 293
2 3146 903 3233 983
1 3343 1020 3636 1260
1 3316 756 3453 920
1 3136 723 3333 866
1 3143 836 3350 1013
1 3493 646 3693 900
1 3773 3 3990 130
1 3153 136 3400 300
1 3286 30 3486 160
1 2980 550 3100 670
1 2593 350 2800 503
1 1350 150 1556 356
1 1500 273 1690 530
1 306 306 513 476
2 366 1010 570 1216
1 776 523 906 723
1 1030 333 1130 466
1 966 586 1090 710
1 3120 2496 3320 2786
1 2950 1610 3206 1960
1 3260 1336 3533 1580
1 2293 2190 2516 2470
6 770 750 2150 2986
6 16 556 773 2943
6 3190 1983 3900 2740
6 3446 246 3990 656
7 1750 20 2666 383
7 2980 1306 3253 1656
7 3323 1346 3863 1940
7 3856 1523 3993 1903
7 2906 2213 3163 2570
