4 600 23 836 226
4 720 10 880 110
4 103 1746 290 1846
4 93 1806 220 1950
4 20 1920 120 2063
4 73 2003 240 2153
4 153 1920 313 2073
4 276 1883 470 2056
4 13 2100 163 2260
4 163 2073 313 2296
4 6 2230 130 2436
4 103 2253 263 2416
4 3533 900 3683 1070
4 3663 950 3813 1100
4 3696 853 3850 973
4 3606 763 3773 913
4 3750 673 3900 833
4 3590 1066 3823 1220
4 3556 1193 3780 1443
4 3770 1163 3893 1386
4 3863 1130 3996 1323
5 2426 1953 2926 2446
2 2293 416 2373 506
2 2290 543 2363 623
2 2450 560 2543 660
2 2393 986 2470 1063
2 2466 996 2560 1083
2 2573 910 2646 996
2 2716 980 2773 1053
2 2766 893 2856 993
2 2940 880 3066 1006
2 3246 886 3333 980
2 3160 1020 3260 1113
2 3110 1026 3180 1083
2 3173 1180 3263 1273
2 3363 1200 3473 1303
2 3430 1493 3530 1580
2 3513 1506 3590 1586
2 2096 1143 2210 1266
2 1980 1140 2050 1226
2 1956 993 2040 1080
2 2306 1140 2390 1243
2 2670 1186 2783 1333
2 2663 1580 2736 1653
2 2806 1606 2953 1756
2 3090 1536 3206 1670
2 3213 1830 3306 1916
2 3203 1750 3293 1840
2 3306 2030 3436 2170
2 2803 2466 2873 2526
2 2173 1683 2260 1776
2 2296 1563 2380 1653
2 2113 1326 2210 1433
2 1866 1956 1980 2073
2 1673 2040 1763 2130
2 2146 2020 2240 2130
2 3796 2736 3893 2830
2 1810 290 1896 400
2 1736 830 1790 906
2 1806 846 1873 930
2 1696 953 1780 1056
2 473 2170 556 2243
2 603 2186 700 2273
2 433 2080 506 2140
2 666 2010 726 2096
2 790 1806 856 1896
2 413 1610 493 1703
2 733 1600 806 1683
2 843 1593 923 1663
2 923 1680 983 1750
2 1033 2100 1093 2156
2 1140 2176 1196 2230
2 943 360 1013 416
2 1570 1376 1620 1433
4 1370 1083 1460 1240
4 1453 1100 1670 1270
2 833 440 940 533
2 823 310 906 396
2 2486 1286 2590 1390
1 2480 1083 2816 1380
1 2266 1083 2513 1300
1 1936 1016 2083 1230
1 1063 1553 1293 1860
1 640 1740 950 1946
1 340 2093 490 2266
1 276 2296 543 2526
1 730 2236 883 2400
1 916 2183 1033 2340
1 1920 2140 2126 2370
2 2140 2250 2220 2320
2 2223 2190 2283 2300
1 1546 2546 1736 2786
1 1566 1756 1800 1920
2 1573 1816 1643 1896
1 3163 1540 3376 1960
1 2913 350 3210 586
1 2813 786 3066 1006
1 2503 60 2663 236
1 2490 246 2680 390
1 2250 363 2420 586
1 2343 720 2676 1086
1 1796 226 2013 430
7 2023 56 2513 596
7 2496 390 2893 860
7 2000 806 2376 1100
7 3136 146 3990 750
7 2720 1113 3360 1663
7 1413 1306 1863 1630
7 1926 1340 2643 1680
7 1613 2196 2500 2823
7 2446 2530 3260 2996
7 3273 2170 3693 2680
7 1070 2133 1550 2720
7 13 536 436 1493
1 553 410 880 860
7 573 866 1283 1573
