2 3220 346 3420 526
2 3256 116 3356 223
2 1103 553 1203 636
2 1170 700 1240 776
2 1176 1700 1253 1783
2 1863 2310 1936 2386
2 1963 2166 2036 2253
2 2136 2416 2213 2506
2 2186 2363 2270 2473
2 2360 2340 2456 2433
2 2520 2273 2600 2356
2 2900 2536 2976 2600
2 3026 2066 3090 2133
2 2940 2040 3020 2100
2 3496 1513 3590 1593
2 3276 1563 3343 1626
2 2433 1400 2533 1476
2 2393 1330 2480 1406
2 2433 760 2666 1000
2 3246 2483 3380 2593
2 3480 1980 3566 2056
2 3463 2063 3530 2136
2 2510 133 2640 250
2 3313 903 3366 980
2 3810 1246 3903 1343
2 3876 1323 3950 1413
2 2673 1466 2736 1563
2 2663 1616 2723 1686
2 2656 1770 2723 1836
2 2763 1306 2843 1383
1 2633 1246 2873 1390
1 3160 1156 3306 1283
1 3326 1213 3400 1310
1 3376 1113 3490 1190
1 3340 1040 3460 1136
1 3210 820 3483 976
1 2750 2006 2856 2146
1 2716 1736 2886 2000
1 2993 2056 3190 2263
1 3370 1440 3623 1656
1 3270 1483 3380 1660
1 3110 1403 3323 1530
1 2823 2743 2946 2880
1 2916 2763 3160 3003
1 3173 2473 3470 2870
1 2223 2603 2430 2786
1 2430 2793 2656 3010
1 2040 2366 2230 2640
1 1800 2316 1996 2510
1 1693 2453 1866 2640
1 2193 2233 2356 2496
1 2320 2170 2473 2440
1 2383 2003 2620 2376
1 2326 2406 2493 2570
1 1150 1630 1293 1810
2 1910 846 2010 950
1 3456 2156 3626 2490
1 1100 513 1420 866
6 1243 323 2633 1386
6 1516 1410 2266 2050
7 2686 40 3590 746
7 2903 820 3290 1256
7 3290 1280 3980 2333
7 3573 2746 3963 2993
7 2453 2176 2973 2650
1 2520 130 2736 373
6 16 2040 1760 3003
7 1806 2643 2130 2996
7 703 1346 1326 2026
7 10 1383 666 2016
