4 3566 723 3750 870
4 1806 1006 1946 1130
4 1746 1113 1900 1240
4 1750 1250 1916 1403
4 1910 1240 2070 1400
4 1296 1363 1476 1520
4 560 2163 813 2310
4 2506 1296 2723 1523
2 3016 60 3130 170
2 3063 243 3176 326
2 3363 240 3463 353
2 3203 330 3313 440
2 2836 566 2926 653
2 1906 50 2003 133
2 1753 183 1833 270
2 1643 483 1723 563
2 1733 476 1806 560
2 1233 396 1320 476
2 1166 163 1250 266
2 1053 183 1153 293
2 1383 1010 1453 1100
2 1456 840 1580 970
2 1593 950 1763 1086
2 1996 843 2076 950
2 2256 1833 2486 2043
2 1996 1723 2096 1830
2 3576 1976 3673 2063
2 3590 1816 3670 1893
2 3876 1866 3970 2000
2 1526 2373 1603 2466
2 1573 2286 1680 2390
2 1553 2156 1640 2240
2 2266 2486 2353 2596
1 3206 186 3476 486
1 3426 856 3613 1066
1 2843 926 2933 1036
1 2693 993 2806 1100
1 1230 890 1500 1120
1 1473 643 1850 1083
1 1320 706 1493 913
1 1880 1093 2080 1263
1 890 2060 1353 2673
1 1406 2093 1556 2230
1 3360 2743 3890 2980
1 3350 2673 3596 2843
7 2983 1446 3510 2060
7 2180 1583 2730 2213
7 1366 1253 2013 1750
7 1710 1723 1990 2123
7 1336 2346 1906 2960
1 260 2586 810 2986
2 70 1430 200 1526
7 16 1106 990 2213
7 3 2223 853 2856
7 16 10 600 970
1 570 263 860 660
7 1313 6 2310 466
