4 2710 753 2896 896
4 2930 936 3196 1200
4 2706 980 2953 1243
2 1750 283 1836 380
2 1826 506 1903 586
2 1926 276 2016 370
2 400 213 533 350
2 226 126 353 233
2 353 616 490 736
2 503 613 606 736
2 606 886 713 1006
2 1133 883 1273 1023
2 1066 710 1170 803
2 1023 206 1083 276
2 1166 226 1256 310
2 1826 936 1920 1010
2 1723 1026 1766 1086
2 1816 1026 1890 1100
2 2380 766 2496 856
2 2566 666 2650 766
2 2460 683 2553 776
2 3343 626 3493 766
2 3126 756 3280 873
2 2936 666 3030 760
2 3806 346 3976 506
2 356 1260 446 1366
2 460 1233 546 1316
2 400 1556 486 1626
2 516 1576 596 1660
2 133 1600 226 1680
2 1540 1370 1610 1450
2 1650 1380 1706 1460
4 1903 1320 2073 1486
4 2013 1396 2206 1556
4 2080 1523 2230 1703
4 1506 1453 1663 1610
4 2116 1243 2290 1416
4 1733 1420 1946 1546
2 3263 2400 3363 2496
2 3570 2670 3650 2746
2 1323 2330 1410 2433
2 860 2190 920 2273
1 3603 2680 3783 2900
2 3506 2560 3576 2633
1 1136 736 1533 1016
1 1143 146 1440 393
1 1766 386 1973 620
1 1800 803 1963 1016
1 2340 750 2546 986
1 2536 696 2670 933
1 2806 670 3090 943
1 3110 593 3490 796
1 1543 1216 1833 1460
1 200 140 533 436
1 596 753 813 1060
1 496 553 746 760
1 846 2063 1053 2276
1 1030 2080 1203 2256
1 1296 2190 1500 2390
1 3420 2513 3623 2720
1 2993 2726 3090 2880
2 2240 1716 2323 1793
6 2426 1403 3186 2270
6 3200 1000 3950 1783
7 26 1500 633 2180
7 796 2166 1193 2520
7 33 310 483 1343
7 863 210 1183 620
7 726 660 910 850
7 1030 1220 1443 1663
7 1426 26 1853 783
7 1900 640 2310 1216
7 2283 993 2786 1423
