4 893 650 1133 853
4 1106 740 1270 940
4 1230 820 1396 1063
4 1313 1150 1480 1333
4 736 1776 1026 2023
4 806 1910 1190 2176
4 1110 1783 1440 2120
4 983 470 1180 656
4 993 296 1216 500
4 1520 696 1760 886
4 1300 623 1510 956
5 2240 1653 2503 2663
2 3496 2083 3683 2240
2 3700 2073 3806 2183
2 3806 2173 3916 2293
2 3696 1736 3786 1833
2 3370 2173 3500 2296
2 3513 2323 3616 2440
2 1886 2493 1990 2603
1 3550 1440 3796 1593
1 3326 1646 3566 1830
1 3306 1970 3716 2330
1 1903 2403 2403 2730
1 2406 2660 2613 2860
5 620 623 1373 2196
6 30 6 1000 3000
1 523 293 780 596
7 2586 23 3980 330
7 3616 390 3933 1423
7 2846 400 3466 1366
7 2983 1503 3416 2043
7 2613 1363 3003 1713
7 2540 2153 3960 2966
7 1440 2163 1893 2940
2 2410 783 2500 876
2 2460 673 2543 770
