4 1036 576 1203 876
4 1230 643 1513 843
4 1206 400 1476 593
4 610 620 840 860
4 666 446 883 640
4 423 606 630 833
4 223 523 480 743
4 46 1346 506 1646
4 900 2396 1090 2713
4 993 2540 1260 2866
4 940 2843 1150 2983
4 1200 2833 1476 3003
4 1486 2803 1743 2963
4 1246 2680 1473 2903
4 1216 2500 1450 2680
4 1146 2316 1376 2500
4 1373 2383 1630 2533
4 1446 2520 1706 2723
4 2370 600 2600 783
4 2113 1063 2333 1286
4 1120 1296 1306 1580
4 1270 1416 1536 1596
4 1310 793 1516 1016
2 1730 706 1846 796
2 1823 790 1953 920
2 1836 1006 1990 1120
2 1996 633 2113 746
2 1786 506 1873 593
2 1976 503 2080 606
2 1666 400 1780 500
2 1356 253 1470 376
2 896 2223 1053 2360
2 906 2383 1063 2533
2 1296 2106 1430 2216
2 1313 2000 1433 2126
2 1420 1653 1543 1760
2 1633 1623 1713 1733
2 2656 2183 2770 2286
1 2236 1016 2843 1463
1 2406 1356 2700 1833
1 2183 1873 2550 2193
1 2530 1946 2856 2290
1 103 1873 550 2266
1 353 1636 573 1850
1 1713 713 1893 1006
1 1120 6 1400 333
1 1460 33 1690 210
1 1803 786 2103 1166
1 3366 1610 3860 1920
6 2783 6 3996 1193
6 3140 1970 3950 2866
6 3326 1216 4006 1793
7 1913 2500 3126 2980
7 2280 2193 2636 2530
7 2920 1433 3296 1910
7 2430 663 2786 1016
7 803 1646 1660 2353
7 460 1866 823 2426
7 20 23 1146 563
2 723 1356 846 1460
