4 2593 150 2793 206
4 2603 180 2783 330
4 2750 240 2923 413
4 2920 153 3060 390
4 2766 356 3010 510
4 2726 530 3053 696
4 2843 643 3056 766
4 2823 746 3023 903
4 2823 910 2960 1130
4 2720 1333 2873 1453
4 2700 1406 2940 1603
4 2893 1486 3056 1653
4 1916 1546 2053 1730
4 2630 6 2923 150
2 2870 2326 2953 2436
2 3770 2603 3886 2736
2 3836 2836 3926 2950
2 1866 453 2060 700
2 1626 660 1783 860
2 2096 973 2233 1140
2 2216 303 2306 436
2 2480 513 2550 596
2 960 856 1063 970
2 550 1046 636 1146
2 733 1033 806 1120
2 246 820 350 936
2 353 2166 510 2313
1 2073 296 2336 540
1 2350 486 2546 623
1 883 1306 1233 1586
1 1230 1306 1406 1606
1 1530 1270 1676 1466
1 1726 1110 1846 1256
1 1653 1840 1910 2116
1 823 843 1080 1110
1 750 946 846 1043
1 506 783 730 980
1 10 683 230 1133
1 676 1640 966 1876
1 933 2343 1270 2663
1 703 2596 950 2783
1 316 2280 473 2490
1 253 1826 766 2270
1 493 2716 750 2956
1 373 2603 500 2836
1 250 2573 393 2746
1 220 2710 466 2983
1 3223 2700 3576 2920
1 2763 2606 2966 2846
1 3250 2410 3456 2586
1 3080 1740 3190 1916
7 1896 633 2440 1176
7 1666 1330 1940 1680
7 110 863 893 1790
7 1076 36 1860 933
1 1086 950 1540 1246
7 866 2090 1300 2423
7 1290 2106 1800 2600
7 23 1736 263 2416
