2 846 83 930 200
2 953 180 1070 316
2 1130 210 1200 293
2 1300 223 1383 316
2 866 470 970 623
2 943 680 1060 816
2 636 896 743 996
2 666 1003 740 1093
2 333 573 483 720
2 90 473 236 603
2 43 853 150 983
2 306 1003 406 1093
2 740 1080 843 1200
2 773 1210 853 1283
2 1156 976 1240 1080
2 1960 100 2120 276
2 1783 130 1906 276
4 1823 553 2033 743
4 1836 363 2016 570
2 2370 46 2440 160
2 2613 106 2740 223
2 3000 116 3086 210
2 2953 266 3030 346
2 2200 690 2286 783
2 2000 750 2076 830
2 2350 443 2496 590
2 2496 626 2603 756
2 2426 800 2543 926
2 2566 863 2643 960
2 2353 1000 2456 1100
2 2610 770 2683 843
2 3873 720 3986 823
2 3693 580 3840 696
2 3423 676 3560 813
2 3213 816 3273 886
2 3313 820 3380 893
2 2800 1793 2930 1896
2 2173 1653 2320 1790
2 3163 1563 3210 1623
2 3220 1600 3293 1683
2 3393 1313 3470 1426
2 3840 1453 3993 1563
2 3700 1840 3850 1946
2 2776 2313 2873 2420
2 2840 2196 2936 2290
2 3353 2566 3416 2650
2 2223 2296 2366 2456
2 2036 2113 2140 2220
2 1766 2020 1843 2116
2 2373 2713 2440 2793
2 2543 2470 2633 2566
2 2630 2546 2690 2616
2 3473 2066 3543 2150
2 380 2020 483 2100
1 3570 66 3836 540
1 1813 63 2130 390
1 803 23 1126 293
1 733 156 1086 800
1 640 856 843 1070
1 33 823 420 1130
1 33 463 553 796
1 373 1703 663 2203
1 430 2383 563 2636
1 340 2466 496 2720
1 1006 2493 1363 2753
1 2753 2020 2946 2410
1 3083 2533 3293 2726
1 3436 2663 3556 2853
1 3616 2516 3800 2610
1 3023 2133 3160 2290
1 2953 2236 3080 2493
1 2720 1553 2930 1896
1 2176 1396 2516 1786
7 3013 176 3553 756
7 1510 43 2760 713
7 2546 790 3593 1636
7 3430 1263 3980 1906
7 3750 880 4010 1223
7 2693 2376 3006 2730
7 3003 1846 3393 2320
7 3360 2070 3803 2646
7 1633 2240 2210 2996
7 2383 2213 2586 2450
7 2453 2560 2670 2806
