2 240 80 383 190
2 406 110 553 223
2 773 66 903 200
2 820 280 936 393
2 456 963 563 1066
2 436 1423 516 1503
2 456 1306 596 1410
2 1506 756 1583 853
2 1463 840 1533 923
2 1760 356 1820 443
2 1430 120 1566 236
2 2876 213 2983 330
2 3313 1376 3420 1470
2 3316 1500 3400 1606
2 3603 1880 3713 1976
2 3750 1773 3906 1903
2 3603 1790 3683 1880
2 3540 1756 3626 1840
2 3166 2723 3250 2826
2 3303 2720 3403 2823
2 2796 2583 2896 2690
2 703 2706 803 2806
2 2180 2020 2260 2100
2 2840 646 2980 780
2 3386 400 3470 490
2 3153 2293 3226 2360
2 2726 2096 2836 2190
2 2543 2036 2620 2113
2 2160 330 2253 436
2 1996 83 2060 166
2 2903 1346 2956 1413
2 566 1720 646 1806
1 3580 990 3756 1116
1 1260 436 1383 540
1 1203 520 1403 626
2 1253 440 1313 513
2 1336 456 1363 510
1 923 866 1196 1076
1 456 880 686 1046
1 450 1163 616 1496
2 326 1270 420 1360
1 3153 2706 3473 2976
1 3503 2770 3670 2910
1 2726 2663 2996 2960
1 3506 1693 3673 1896
1 3700 1620 3900 1900
1 2826 600 3353 896
2 2703 216 2806 303
1 556 2580 900 2783
1 2813 193 3000 430
4 3030 190 3170 363
4 2950 380 3083 586
4 3133 363 3316 553
4 3306 480 3560 703
7 2840 853 3340 1363
7 3466 126 3966 673
7 3330 1246 3970 2026
7 1530 1983 3476 3003
7 510 2090 1520 3000
7 50 350 1356 1573
7 596 6 1190 330
7 1656 206 2470 1246
7 1336 1263 2103 1966
7 160 1563 1270 2093
1 423 373 736 536
1 273 506 550 690
1 553 516 850 763
2 20 453 163 630
1 3823 2650 3996 2910
1 3446 2210 3656 2336
