2 716 136 873 286
2 990 126 1113 290
2 1060 0 1206 83
2 1206 30 1306 126
2 1363 293 1516 470
2 1603 480 1696 593
2 1756 486 1853 610
2 1676 710 1756 833
2 1293 696 1413 850
2 986 493 1073 563
2 1050 633 1106 720
5 950 873 1306 1286
2 2240 193 2306 273
2 2313 220 2376 323
2 2246 316 2343 406
2 2290 396 2353 463
2 2470 833 2553 923
2 2503 956 2593 1060
2 2546 880 2626 956
2 2890 1016 2956 1093
2 3383 523 3453 623
2 273 1780 373 1870
2 106 1250 196 1336
2 583 1360 653 1436
2 730 1520 826 1603
2 776 1680 850 1773
2 850 1546 920 1623
2 430 1850 510 1946
2 110 1563 210 1653
2 976 2010 1050 2120
2 1170 2066 1243 2176
2 1613 1880 1680 1970
2 906 2573 1013 2686
2 773 2733 876 2810
2 316 2866 420 2993
2 363 2733 446 2823
2 1813 2663 1886 2760
5 1343 1940 1830 2333
2 2273 103 2333 166
2 3186 1690 3293 1786
2 3030 2416 3126 2510
2 3216 2543 3300 2640
2 3276 2700 3360 2786
2 3356 2736 3460 2850
2 2883 2363 2976 2463
2 3060 2196 3133 2260
2 2976 2176 3053 2253
2 1873 2733 1996 2873
1 3073 1080 3286 1380
1 2953 1336 3180 1546
1 2703 1886 2910 2073
1 2436 2183 2623 2466
1 3493 2303 3793 2516
1 3353 2266 3560 2506
1 2743 2273 2953 2453
1 2980 2163 3216 2370
1 2966 2396 3200 2596
1 3156 2480 3340 2676
1 2290 2163 2406 2343
1 3546 1343 3983 1570
1 3286 1453 3466 1590
1 2510 823 2726 1083
1 660 1243 896 1620
1 596 1223 703 1433
1 780 2436 1023 2823
1 1003 2643 1213 2883
1 1550 2770 1773 3000
1 1770 2710 2000 2990
1 346 2593 583 2846
1 330 1533 520 1720
1 20 2090 350 2490
1 2196 1063 2336 1276
2 2360 1003 2410 1053
2 2956 540 3030 633
2 2496 1566 2550 1616
2 2653 1573 2703 1626
2 2490 1613 2553 1686
1 1610 2410 1856 2660
6 156 36 1506 896
6 600 846 1190 1273
6 1070 1863 1660 2676
6 3560 330 4003 1163
7 2980 300 3500 973
7 3290 983 3560 1403
7 3683 1693 3966 2343
7 3070 2440 3876 2966
7 2613 2716 2866 2923
7 626 2080 876 2690
7 20 2456 376 3000
7 1273 860 1706 1320
7 1753 190 2093 563
7 2170 510 2573 1276
1 2386 830 2443 930
1 2326 770 2400 870
1 2270 813 2350 876
1 2453 486 2596 656
1 3310 313 3490 480
7 26 1050 296 1426
7 50 1523 643 1956
