2 2623 713 2703 833
2 2583 643 2676 750
2 2553 733 2636 833
2 2680 850 2760 930
2 2603 856 2660 916
2 2423 956 2500 1040
2 2380 1040 2476 1126
2 2060 733 2146 830
2 1676 560 1800 693
2 1913 330 2026 446
2 2000 413 2086 493
2 1813 443 1880 526
2 1956 933 2053 1020
2 1940 1716 2046 1813
2 3290 2146 3373 2236
2 3816 2470 3930 2573
2 3716 2370 3810 2476
2 3536 2483 3643 2613
2 3703 1546 3796 1646
2 3633 920 3740 1016
2 3770 916 3896 1040
2 3913 390 4016 526
2 3696 310 3780 420
2 3586 370 3680 473
2 1826 2870 1910 2966
2 1083 646 1153 720
2 856 736 933 816
2 603 920 683 1013
2 746 870 810 973
2 2690 93 2760 156
1 2760 50 2946 303
1 3556 266 3783 513
1 3720 333 3876 560
1 2120 1286 2366 1506
1 1976 1530 2343 1953
1 570 2406 1006 2930
1 946 2653 1256 2996
1 586 916 746 1073
1 733 833 1100 1070
1 850 693 1173 896
1 616 193 736 323
1 813 1840 943 1943
1 1016 2003 1253 2153
4 2263 143 2393 310
2 2673 1586 2740 1686
2 2910 1453 2993 1560
1 1700 533 1986 783
1 2013 683 2196 903
1 2003 416 2113 633
1 1963 803 2066 1026
6 2050 1856 3993 2976
6 3246 813 3983 1796
7 2803 1603 3016 1833
7 176 2300 870 2920
7 1540 2753 1843 3010
7 1703 1900 1996 2416
1 1730 2100 2020 2600
1 423 2260 643 2503
1 616 2440 970 2976
1 240 2556 526 2983
