2 1476 350 1563 456
2 1340 446 1470 543
2 1243 603 1340 703
2 1860 306 1963 420
2 1926 193 2023 296
2 2060 26 2146 106
2 3010 180 3090 293
2 3036 23 3150 113
2 853 1003 933 1076
2 1010 776 1083 846
2 1163 850 1243 936
2 1610 1066 1666 1143
2 1670 1980 1750 2070
2 1760 1906 1823 1996
2 1726 1833 1820 1923
2 1580 2703 1813 2910
2 2470 2520 2633 2660
2 3546 1203 3663 1310
2 3616 1323 3713 1420
2 3803 1223 3896 1310
2 3846 1156 3946 1246
2 3586 1060 3680 1130
2 2720 316 2783 393
2 2760 393 2863 486
2 2673 673 2740 746
2 2513 823 2580 893
2 3300 2366 3380 2443
2 3266 2433 3336 2503
2 3510 2193 3590 2300
2 3656 2623 3746 2733
1 3020 13 3376 330
1 2510 606 2700 943
1 2726 303 2943 466
1 2876 413 2990 616
1 2936 646 3213 850
1 3316 1480 3646 1863
1 3573 1006 3900 1270
1 3006 1833 3163 2023
1 476 1936 816 2083
1 196 2606 346 2753
1 76 2776 393 2976
1 110 2376 270 2550
1 526 2280 683 2453
1 666 2360 753 2506
1 936 1390 1150 1583
1 23 766 353 1130
1 860 900 1203 1170
1 1590 13 1700 140
1 1830 40 2053 386
1 3720 2463 3960 2596
1 3783 2276 4003 2440
1 3796 2586 4000 2836
1 3580 2593 3780 2816
1 3363 2626 3506 2866
6 1260 1576 2170 2853
7 2226 1910 3210 2830
7 3266 2073 3673 2620
7 3053 83 3983 1003
7 2016 43 2590 653
7 23 1133 533 2290
7 1063 1036 1413 1510
7 1426 1170 1816 1536
1 1470 1183 1630 1363
1 1063 2593 1173 2716
1 800 2380 886 2463
