4 2156 1103 2346 1276
4 2110 1233 2303 1380
4 2046 1153 2193 1290
5 1336 1826 2140 2413
5 806 16 1576 480
4 2320 1053 2503 1183
2 3456 1233 3536 1323
2 3626 1110 3706 1216
2 3766 1853 3843 1930
2 3833 1886 3943 1986
2 273 2176 373 2250
2 356 2123 433 2186
2 886 2320 983 2396
2 166 1410 266 1503
2 956 536 1070 643
2 1200 16 1293 136
2 1286 33 1360 120
2 1433 400 1520 490
2 1473 740 1560 836
2 1686 610 1773 716
2 760 1336 860 1443
1 3616 203 4000 540
1 3616 1070 3820 1276
1 3440 1156 3616 1320
1 3606 1573 3960 1993
1 3676 1403 4000 1626
1 3020 2663 3160 2790
1 716 2476 983 2630
1 796 2303 1090 2510
1 270 2116 466 2320
1 10 1743 240 2030
1 1290 560 1586 743
1 1323 673 1660 993
1 2553 900 2733 1123
1 2326 330 2500 513
1 1950 83 2123 206
1 2670 1046 2980 1316
7 103 30 400 556
7 493 303 1066 1003
7 270 940 776 1963
7 803 1043 1413 1910
7 1470 1283 1903 1616
7 2126 1866 2450 2336
7 2423 1583 3136 2360
7 1950 1226 2980 1630
7 1730 73 2683 1090
7 2370 2400 3356 2973
7 13 2160 646 2976
7 936 1896 1376 2320
7 690 2523 1623 3006
