5 1730 300 2130 906
2 2163 76 2306 180
2 1866 60 1940 153
2 2036 26 2150 123
2 2340 676 2460 816
2 2243 500 2376 656
2 2940 1193 3053 1283
2 3070 1253 3166 1336
2 3053 1353 3203 1453
2 2883 1333 3013 1420
2 2690 1596 2770 1726
2 2613 1690 2706 1780
2 2283 2130 2430 2296
2 2680 2500 2893 2726
2 3626 1990 3726 2080
2 3666 2103 3783 2206
2 2280 2663 2480 2813
2 3540 1690 3593 1766
2 3613 1706 3700 1793
2 3406 1653 3453 1720
2 1040 800 1093 880
2 1373 840 1423 900
2 3780 666 3930 796
2 3860 1183 3926 1253
2 2976 2070 3036 2150
2 1350 2670 1496 2920
2 1790 1520 1853 1600
1 2470 1536 2750 1780
1 2943 1793 3066 1916
1 2853 2323 2970 2533
1 3010 2290 3110 2473
2 2093 1466 2196 1636
2 2283 1563 2406 1706
1 640 2296 850 2456
1 846 940 1000 1103
1 3400 1986 3590 2130
1 3520 1843 3746 2103
7 800 1913 1416 2793
7 1430 1946 2140 2936
7 210 750 1056 1813
1 850 1170 1250 1536
7 1053 1553 1506 1906
7 1316 1116 1616 1560
7 1606 930 1926 1270
7 1586 1596 2146 1926
5 1490 1423 2156 1833
7 2730 696 3170 1156
7 2520 263 2886 753
7 26 1160 136 2233
