5 2223 830 2716 1726
2 3510 13 3623 106
2 3296 233 3410 346
2 3543 373 3670 500
2 3660 326 3773 436
2 3106 670 3220 793
2 2980 936 3053 1040
2 3146 930 3236 1000
2 3200 1010 3256 1066
2 3213 1076 3280 1156
2 3390 1063 3496 1153
2 3460 920 3586 1053
2 3633 2280 3823 2450
2 3420 2483 3530 2620
2 3536 2633 3613 2733
2 1436 2490 1583 2616
2 2636 2606 2713 2710
2 2106 1393 2200 1530
2 2000 646 2113 780
2 1963 566 2090 693
2 1636 576 1740 673
2 1330 590 1420 683
2 1533 443 1650 576
2 623 636 706 736
2 1070 956 1200 1116
2 566 176 736 320
2 1496 1280 1626 1410
2 816 850 896 956
2 530 863 633 973
2 473 1143 566 1236
2 323 1116 423 1213
2 613 1080 683 1156
2 916 1160 990 1220
2 903 1290 976 1373
2 853 1410 933 1490
2 1016 1583 1103 1666
2 1140 1496 1220 1593
2 1163 1343 1230 1420
2 1250 1443 1316 1513
2 950 1546 1036 1623
2 80 1713 193 1840
2 76 2396 143 2476
2 166 2303 243 2393
2 660 2693 713 2766
2 786 2606 846 2666
2 920 2883 996 2966
2 1293 2250 1363 2353
2 1386 2230 1436 2306
2 1456 2236 1520 2320
2 1586 2330 1646 2403
2 1910 1860 1973 1953
2 1863 1780 1926 1860
2 1763 1750 1843 1826
2 1780 1693 1836 1766
2 1660 2196 1720 2283
2 1766 2156 1836 2246
2 1633 2426 1706 2500
2 353 1646 430 1733
2 376 1360 456 1453
2 640 1676 716 1750
2 596 1813 673 1893
2 2830 850 2906 930
2 2863 953 2933 1050
2 2830 2740 2876 2836
4 2306 2486 2463 2653
1 1883 2126 2126 2373
1 1710 2283 1893 2476
1 1673 2126 1856 2316
1 1436 2210 1623 2373
1 1790 1806 1983 2073
1 1740 733 1860 853
5 1216 686 2050 1100
1 3413 2496 3896 2836
1 3530 2770 3846 2986
1 850 2660 1040 2830
1 300 2743 533 2896
1 636 2590 773 2813
1 70 2016 330 2190
1 140 2236 346 2390
1 316 2893 450 2996
1 580 1550 746 1756
1 193 856 550 1260
1 586 973 840 1170
1 770 790 1003 1043
1 533 806 813 1003
1 620 540 1076 770
1 380 20 773 320
1 20 993 243 1293
1 26 1233 193 1523
6 2433 620 3226 1433
6 1270 6 2430 463
1 1330 556 1576 740
1 1603 523 1780 730
1 1426 333 1703 563
1 823 86 1160 316
6 3136 36 3956 866
6 3430 893 4006 2390
7 1100 2360 2186 2940
7 2226 2556 2760 2946
7 2336 1720 2756 2026
7 1123 776 1916 1520
7 1880 1203 2123 1530
7 580 1926 1003 2416
7 0 610 403 1010
2 2786 1556 2866 1656
