2 1573 163 1660 266
2 1686 223 1736 306
4 1746 310 1953 470
4 2026 570 2220 770
4 793 1040 970 1193
4 713 1230 916 1393
2 3203 213 3296 313
2 2840 170 2960 280
2 2720 213 2806 310
2 2500 113 2586 196
2 2690 430 2766 506
2 2910 336 2976 416
2 3156 356 3240 436
2 2480 1870 2586 1966
2 2486 1740 2503 1746
2 2493 1730 2560 1830
2 2080 1143 2160 1260
2 2223 996 2313 1070
2 3033 1340 3096 1413
2 3136 483 3196 570
2 2446 753 2500 823
2 2520 740 2600 830
2 2720 900 2813 1020
2 2586 1023 2650 1100
2 2633 1043 2693 1103
2 2610 1120 2696 1196
2 2786 1276 2866 1390
2 2746 1680 2810 1750
2 2986 1730 3053 1813
2 690 2046 803 2153
2 1206 1886 1306 1990
2 1133 1710 1213 1803
2 360 1020 483 1116
2 236 926 330 1013
2 126 1136 240 1250
2 2383 783 2426 860
2 3530 1623 3620 1716
2 3520 1330 3603 1410
2 330 666 416 736
1 3573 483 3766 660
2 3616 540 3690 620
1 2956 1206 3100 1410
1 3016 1426 3200 1603
1 2656 1653 2783 1766
1 2523 1410 2640 1553
1 2910 1736 3043 1863
1 3020 1736 3246 1943
1 3366 1710 3476 1860
1 3766 2060 3996 2256
1 3660 1973 3870 2136
1 3590 1810 3806 1976
1 1630 20 1853 160
1 1573 120 1753 276
1 470 670 623 896
1 300 676 463 843
1 253 1020 490 1263
1 283 1520 590 1756
1 1113 1596 1363 1806
1 1190 1770 1356 2010
1 860 2016 1070 2236
1 913 1870 1140 2083
1 430 2120 620 2323
1 1026 2716 1243 3003
1 1466 2443 1680 2850
1 1690 2536 1930 2926
2 1696 1813 1783 1920
1 3120 480 3263 600
1 1023 993 1196 1183
1 1116 313 1256 443
1 2596 153 2946 310
2 193 2500 273 2600
6 1716 876 2326 1556
7 3603 730 4003 1513
7 1613 543 2003 886
7 2030 300 2230 530
7 1313 1803 2876 2803
7 23 2283 876 2976
7 1083 2120 1316 2466
7 186 1723 506 1943
7 1226 810 1706 1596
7 1620 1540 1786 1793
1 2176 1503 2570 1946
1 1666 1796 2033 2033
1 2913 776 3080 940
1 3056 173 3260 500
7 30 273 583 743
7 1036 40 1563 816
