2 1453 46 1526 140
2 1233 303 1323 416
4 1046 306 1173 463
2 2123 193 2216 340
2 2050 230 2130 306
2 146 1276 253 1390
2 336 1190 426 1270
2 253 1360 373 1466
2 446 1686 530 1800
2 1450 1240 1523 1316
2 1513 1403 1586 1496
2 1580 1233 1623 1300
2 2400 1800 2483 1900
2 2660 1850 2740 1946
2 2853 1836 2950 1940
2 3480 890 3573 1006
2 3540 1013 3650 1126
2 3013 2736 3086 2830
2 756 2103 830 2176
2 826 2040 910 2123
2 3656 1773 3736 1856
2 3810 1510 3896 1593
1 2610 1613 2806 1756
1 3016 1366 3250 1526
1 3083 1200 3250 1356
1 2200 1816 2470 2013
1 3176 1870 3306 2030
1 3223 2016 3706 2236
1 3423 1793 3733 1993
1 2910 2890 3016 2983
1 2806 2476 2926 2606
1 3100 2743 3210 2853
1 430 2276 626 2580
1 190 2250 470 2630
1 273 1150 423 1353
1 1230 163 1423 496
1 970 6 1186 196
1 1136 10 1353 220
1 1386 610 1553 783
1 1550 706 1646 813
1 266 1636 526 1836
1 1373 2886 1500 3000
1 1503 2813 1656 2980
1 1613 2716 1760 2843
1 1243 2313 1343 2440
1 2923 2033 3210 2463
1 2023 426 2180 640
6 1643 2210 2403 2960
6 2410 2496 2806 2983
6 1783 1503 2166 2193
6 856 2106 1640 2960
7 2756 33 3973 1013
7 3163 1123 3980 1920
7 3033 2176 3540 2610
7 43 1906 833 2940
7 33 33 970 696
7 23 736 400 1863
7 1193 860 1490 1126
1 1280 1126 1603 1343
1 450 2140 630 2293
