4 2150 156 2343 366
4 1950 156 2140 396
4 2143 873 2276 1036
4 2196 753 2376 950
4 2366 756 2550 946
4 2516 700 2666 893
4 2623 853 2803 1030
4 2366 440 2553 590
4 2526 483 2716 656
4 2436 543 2583 716
4 2686 420 2913 580
4 2693 536 2806 723
4 2803 546 2900 700
4 2886 556 3076 720
4 3056 523 3183 723
4 2916 370 3100 546
4 2840 266 3023 413
4 2770 173 2920 376
4 2680 40 2926 260
4 2890 56 3063 273
4 2533 23 2710 186
4 2436 136 2696 286
4 2550 276 2786 460
4 2330 253 2553 433
4 226 896 366 1106
4 343 916 536 1110
4 506 1136 743 1343
4 510 1003 753 1183
4 730 1040 876 1213
4 826 1166 1010 1360
4 860 996 976 1170
4 950 980 1093 1120
4 1070 1036 1193 1193
4 1166 986 1356 1173
4 1093 860 1296 1020
4 1656 990 1780 1160
4 1570 876 1726 1063
4 1633 613 1750 743
4 1660 740 1763 853
4 1776 436 1923 590
4 1760 1006 1896 1140
4 1876 1056 2080 1220
4 1723 1106 1893 1253
5 1083 1113 1456 1646
5 3443 2373 3860 2986
5 2973 2756 3533 2983
2 566 383 663 463
2 743 416 876 526
2 763 520 836 600
2 1406 343 1510 470
2 1543 366 1656 476
2 1860 166 1926 260
2 1890 46 1993 153
2 2456 2213 2556 2310
2 2506 2446 2706 2633
2 2880 2140 2960 2223
2 2776 2110 2856 2210
2 2120 1730 2213 1863
2 1866 1546 1953 1656
2 1470 1023 1556 1110
2 1553 1090 1630 1173
2 1626 1223 1723 1293
2 1450 1346 1533 1436
2 1520 1626 1643 1753
2 1466 713 1550 810
2 1583 2223 1650 2293
2 3076 2633 3163 2740
2 1896 2586 1986 2680
2 1570 2360 1680 2470
2 1426 2363 1526 2450
1 3640 16 4006 303
1 3810 66 4000 203
1 3710 713 3996 1016
1 3640 1053 3796 1170
1 3316 1460 3416 1593
1 3196 1553 3393 1746
1 3416 1440 3586 1606
1 3430 1963 3676 2236
1 2930 2120 3060 2283
1 2900 2236 3063 2413
1 3186 500 3436 766
1 1433 346 1773 600
1 2163 0 2460 130
1 1890 30 2130 203
1 1283 1596 1653 1870
2 2213 340 2350 466
2 963 1760 1053 1846
6 2100 1800 2780 2913
7 1780 470 2430 960
7 236 450 1016 933
7 10 716 296 2206
7 260 1406 770 2256
7 893 1446 1240 1720
7 810 1773 1333 2320
7 1246 1953 2033 2860
1 1213 2443 1406 2650
1 1403 2310 1750 2573
1 1353 2593 1653 2913
7 23 2283 1250 3010
2 1893 1346 1956 1416
2 1783 1356 1840 1430
