4 2810 623 3086 836
4 2700 863 2970 1113
4 2343 1066 2600 1243
4 2353 1176 2593 1390
2 3713 273 3846 403
2 3416 566 3536 660
2 3446 606 3573 716
2 3303 626 3413 743
2 3353 133 3426 210
2 3410 160 3506 246
2 2423 53 2540 163
2 1066 53 1196 176
2 1263 30 1366 130
2 2050 310 2130 393
2 1646 603 1746 706
2 990 1246 1083 1346
2 1106 1360 1166 1436
2 2096 1430 2186 1493
2 1940 1403 2000 1480
2 2016 1493 2080 1563
2 3086 1980 3203 2113
2 2950 2063 3043 2170
2 3456 1653 3500 1723
2 2970 2383 3056 2466
1 3436 390 3623 643
1 936 993 1160 1320
1 1150 913 1356 1086
1 1656 396 1896 713
1 1826 320 1966 493
1 1990 226 2150 393
1 1770 2510 1953 2743
1 1713 2203 1940 2350
1 1916 2176 2066 2343
1 2090 2173 2253 2283
1 2126 2310 2253 2456
1 973 2230 1130 2446
1 1090 2203 1216 2360
1 1106 2436 1230 2613
1 736 2460 850 2650
1 86 1470 596 1686
1 176 1913 433 2133
1 103 1830 353 2013
1 243 1690 416 1863
1 3523 1806 3683 1880
1 3736 1983 3976 2286
1 3663 2496 3976 2663
1 3613 680 3866 1040
6 206 20 1730 956
7 1756 23 2126 383
7 2200 30 2673 320
7 2413 526 2940 1110
7 3643 366 3953 663
7 3023 890 3643 1413
7 2490 1290 3356 2080
7 3503 1640 3970 2033
7 2590 2323 3630 2986
