2 746 703 870 830
2 890 773 993 873
2 283 733 373 846
2 163 1216 240 1323
2 426 1843 496 1930
2 220 2483 310 2566
2 273 2693 346 2760
2 753 2533 826 2630
2 840 2583 953 2683
2 1116 2006 1206 2126
2 1076 2163 1140 2263
2 1646 1713 1763 1826
2 2013 1576 2106 1693
2 1996 1690 2073 1783
2 2480 1550 2573 1660
2 2670 1340 2770 1483
2 1206 2500 1276 2586
2 86 1973 156 2056
2 146 1926 216 2010
2 1103 1416 1166 1513
2 3390 1953 3460 2036
2 3870 2150 3990 2330
2 3370 2610 3460 2726
2 3513 2576 3603 2696
2 3526 1290 3740 1510
6 1746 33 4000 883
1 2136 1370 2273 1570
1 2016 1560 2283 1823
1 1893 1710 2100 1913
1 1086 1960 1243 2140
1 76 2476 320 2666
1 323 2350 453 2500
1 200 2100 350 2223
1 120 2156 273 2313
1 40 1953 173 2076
1 703 2326 916 2630
1 1193 2350 1493 2776
1 1483 2456 1586 2573
1 2446 2263 2680 2553
1 493 276 693 436
1 296 646 626 890
1 170 1156 506 1416
1 3583 1950 4000 2340
1 3810 1040 4003 1256
2 2343 1110 2433 1223
1 3320 2296 3613 2730
2 606 1440 723 1550
1 1216 30 1513 360
7 473 380 1330 1320
7 1543 2063 2356 2850
7 2680 990 3016 1626
7 3110 943 3410 1253
1 346 1536 476 1633
1 2306 2456 2573 2800
7 1586 1413 1933 1803
