4 2970 923 3243 1153
4 596 1516 830 1886
4 536 1256 773 1450
4 533 1053 756 1223
4 723 1673 1120 1973
4 1220 1653 1436 1806
4 1400 1556 1576 1730
4 1143 1516 1316 1680
4 1050 1186 1256 1480
4 1950 1230 2113 1453
4 2200 1430 2406 1620
4 2143 1500 2280 1686
4 1006 680 1206 853
4 1166 523 1296 713
2 1490 283 1646 436
2 826 6 933 96
2 1080 3 1223 140
2 2003 900 2103 1010
2 873 1223 1000 1340
2 953 1150 1036 1223
2 233 2476 360 2616
2 63 2260 193 2376
2 253 1683 413 1793
2 3573 1390 3700 1546
2 3390 1496 3546 1623
2 1633 2266 1726 2356
2 1946 1966 2010 2056
2 1693 2396 1816 2553
2 3653 2580 3766 2703
2 2866 1193 2916 1260
2 2843 1263 2910 1326
1 3723 1583 3986 2116
2 3853 1976 4003 2110
1 1880 670 2093 1030
1 1203 6 2363 326
1 2566 153 2776 346
1 1200 1793 1696 2216
1 23 1786 93 2083
1 130 1763 356 2013
1 6 2090 190 2530
1 233 2246 493 2663
6 1080 310 2876 1183
6 2216 1976 2883 2680
6 366 2003 1260 2776
7 256 33 1073 346
7 660 373 1083 1060
7 13 293 623 1600
7 1400 1250 2220 2040
7 2293 1213 3096 1910
7 3080 1283 3670 2350
7 2910 30 3956 710
7 1693 2346 2233 2936
7 2136 2626 2933 3010
7 2923 2050 3166 2656
7 3270 2353 3753 2690
