2 1936 570 2026 683
4 2033 810 2220 946
4 1470 2513 1596 2650
4 1393 2413 1593 2570
4 1400 2286 1500 2436
4 1580 2493 1746 2686
4 2053 423 2166 526
4 1966 370 2066 483
4 2040 213 2170 380
4 1963 100 2110 243
4 2103 16 2220 173
4 2176 376 2296 563
4 2106 706 2236 820
2 3336 870 3663 1143
2 3093 6 3516 313
2 2593 1706 2763 1856
2 2486 1536 2576 1663
2 2416 1513 2510 1613
2 2616 1280 2726 1383
2 2580 1173 2660 1243
2 1936 1446 2070 1596
2 1676 1543 1810 1690
2 1720 1770 1873 1896
2 2326 1710 2426 1806
2 2236 1560 2306 1653
4 1880 2213 2040 2370
4 1730 2636 1933 2846
2 2550 2290 2633 2410
2 2760 2180 2863 2306
2 2753 2603 2880 2720
2 3073 2810 3186 2930
2 3160 2823 3280 2940
2 200 1360 430 1563
2 1806 873 1890 973
2 1710 683 1790 773
1 2356 0 2610 260
1 2443 1153 2736 1390
1 1913 583 2086 820
1 2503 1370 3086 1880
1 2183 1333 2333 1536
1 3030 2576 3340 2796
1 1606 1366 1753 1530
1 2213 2120 2386 2253
2 2303 2150 2370 2230
1 2173 2243 2360 2413
1 2510 2753 2620 2920
1 2626 2120 2956 2416
6 3000 20 4006 1110
6 3046 1660 3563 2173
6 3760 1130 3983 1843
6 26 23 1610 1263
7 20 1656 830 2966
7 836 1856 1230 2990
1 1233 2076 1476 2506
7 1910 2380 2430 2920
7 1516 2070 1796 2483
2 1870 1046 1916 1110
2 1833 1100 1886 1146
4 1803 2353 1910 2530
4 1793 2210 1913 2313
2 1686 453 1763 536
7 3056 1126 3743 1640
7 3440 1763 4006 2403
7 3506 2400 3996 2983
7 2740 2170 3203 2603
7 1736 1273 1933 1490
7 533 1260 1206 1520
