4 123 740 373 960
4 240 933 433 1126
4 356 1076 520 1263
4 286 1163 513 1380
4 90 2453 283 2753
4 36 2120 213 2293
4 13 1820 196 2023
4 156 1886 296 2070
4 523 2536 703 2760
4 246 2803 476 2990
2 3600 470 3716 573
2 3466 530 3583 640
2 2916 863 3010 943
2 3110 1010 3203 1086
2 3316 1496 3423 1606
2 3656 1263 3733 1366
2 3676 1096 3796 1210
2 3726 933 3813 1036
2 3446 1180 3586 1316
2 3343 1283 3456 1376
2 2846 1503 2903 1566
2 2846 1606 2950 1676
2 3263 2353 3456 2536
2 3053 2570 3270 2763
2 2203 2316 2320 2430
2 2100 2300 2193 2390
2 2000 2263 2066 2340
2 1826 2303 1913 2380
2 1840 2496 1916 2566
2 1373 2306 1503 2446
2 1516 2120 1590 2200
2 1190 2200 1280 2293
2 693 1163 836 1296
2 710 906 790 980
2 633 833 706 920
2 1760 1030 1820 1103
2 770 183 833 260
2 723 430 786 496
4 310 606 543 833
2 286 2116 376 2213
2 200 2210 300 2326
2 130 1720 186 1783
2 486 1813 550 1886
2 463 1560 526 1623
2 1386 2823 1450 2893
2 3150 823 3223 893
2 1020 1106 1073 1176
2 1040 1200 1113 1293
1 3416 433 3716 840
1 3723 860 3906 953
1 3766 943 3960 1060
1 3483 910 3830 1223
1 3256 960 3576 1346
1 943 1060 1100 1226
1 816 96 1040 390
1 1690 13 1833 196
1 910 1193 1023 1340
1 836 1553 996 1673
1 1513 2090 1713 2243
1 1306 2653 1550 2993
1 913 2740 1270 2980
1 2170 2296 2370 2700
1 1653 1770 1936 2000
1 1930 2186 2066 2336
1 1826 2353 1996 2576
6 2353 50 3256 770
1 2336 13 2556 226
6 3530 1296 4000 2960
6 2883 2043 3383 2563
7 3170 760 3720 1003
7 2363 810 2800 1250
7 2070 863 2340 1253
7 1853 50 2353 796
7 3563 63 3996 776
7 1790 2600 3283 2983
7 2016 1426 2926 2050
7 2946 1220 3493 1940
7 2323 2070 2843 2566
7 1486 2010 2013 2630
7 506 2660 853 2983
7 976 10 1333 506
1 796 870 960 1086
1 1296 116 1433 370
7 36 1253 316 1716
7 346 1333 783 2060
7 910 1130 1626 1823
7 23 23 800 480
