2 1253 1510 1426 1703
2 1413 1833 1610 2073
2 1786 1943 2026 2220
2 3243 1740 3503 1980
2 2590 123 2703 240
2 3300 393 3386 480
2 3283 463 3366 566
2 2703 303 2820 453
2 706 2870 960 3003
2 3486 1196 3816 1513
1 2406 26 2866 443
1 2863 170 3060 373
1 3330 326 3570 520
1 3103 1150 3776 1970
6 1820 1393 2663 2203
6 2600 523 3263 1450
5 2590 566 3246 966
1 3120 450 3426 776
6 16 26 1243 920
6 1226 313 2283 1403
6 183 970 1223 1916
6 173 1980 1393 2956
6 2313 2083 3713 2980
7 1810 2223 2106 2573
7 2643 1653 2893 2090
7 2773 1453 3053 1653
