2 370 270 490 366
2 423 1240 580 1433
2 1326 876 1490 1053
2 963 570 1133 783
2 1800 416 1906 563
2 1980 646 2116 756
2 3266 416 3356 523
2 3046 593 3120 683
2 2976 733 3103 830
2 2750 923 2886 1063
2 3486 1113 3610 1210
2 3690 896 3820 1053
2 3603 2160 3783 2296
2 3116 2076 3206 2163
2 3070 1893 3136 1980
2 2973 1890 3056 1960
8 2986 1886 3240 2170
2 1730 2516 1806 2600
2 1850 2466 1950 2590
2 1440 1710 1606 1873
1 2580 873 2916 1240
1 2996 503 3156 826
1 1810 300 2120 756
1 2406 336 2606 533
1 2550 16 2736 260
1 1793 2253 2076 2590
6 273 930 1000 1713
6 863 486 1696 1240
6 1206 1070 1946 1816
6 600 1823 1543 2983
8 1206 1890 1463 2250
2 1283 2016 1350 2103
2 1380 2116 1446 2183
6 2420 2026 3093 3003
7 1993 1296 3020 2083
7 2030 50 3083 716
7 3103 50 3970 1650
7 930 40 2060 520
7 53 486 410 1416
7 26 1853 580 2866
2 1623 2723 1703 2813
1 3250 1763 3770 2293
1 3346 1450 3983 2013
7 1963 2080 2370 2353
7 2060 2390 2346 2696
7 2163 703 2580 1250
