2 2583 420 2720 600
2 2400 183 2486 296
2 2160 133 2246 246
2 1860 93 1973 213
2 1956 56 2060 166
2 2876 120 3030 290
2 3156 43 3326 230
2 2556 903 2633 983
2 1210 673 1356 903
2 1503 946 1703 1146
2 1236 496 1356 653
2 176 610 440 853
2 430 1056 610 1236
2 286 1070 403 1170
2 2390 1203 2510 1336
2 3746 2403 3940 2570
2 2290 2576 2350 2673
2 110 1716 213 1836
2 193 1230 280 1323
4 2923 836 3070 933
4 2936 913 3036 1033
4 3006 950 3116 1123
4 3086 1010 3216 1140
4 3223 943 3410 1236
4 3100 860 3233 996
4 3003 693 3156 880
4 3620 1340 3763 1490
5 3690 920 3996 1503
4 1013 1433 1206 1673
4 1090 1406 1246 1553
4 1173 1306 1340 1463
4 1373 1506 1600 1700
4 1550 1640 1750 1826
4 1546 1486 1716 1653
4 1580 1380 1860 1583
4 2343 1450 2533 1636
4 2566 1566 2786 1733
4 2476 1620 2670 1840
4 2366 1696 2560 1933
4 2026 2180 2270 2400
4 210 1920 386 2056
5 1846 1053 2320 1516
2 1980 2610 2033 2676
2 2030 2706 2086 2776
2 1856 2826 1896 2890
8 1646 2876 1966 3000
8 1893 2566 2166 2926
2 3806 1980 3916 2093
1 3816 1923 3993 2150
4 3033 1796 3120 1980
4 3093 1706 3186 1836
4 3183 1733 3326 1913
4 3220 1670 3350 1770
4 3250 1553 3380 1716
4 3373 1533 3520 1710
1 2086 1866 2186 2043
6 1123 33 1820 566
6 20 223 1043 1153
6 600 1870 1873 2923
6 1676 436 2246 996
6 2296 43 3063 1240
6 3566 93 3986 903
6 2453 2006 3343 2903
7 3293 1803 3606 2326
7 3406 2476 3976 2976
7 33 2056 336 2963
7 790 1043 1136 1343
7 1023 560 1283 1170
7 1756 1506 2073 1856
