2 83 2543 260 2723
2 783 2170 870 2253
2 863 2203 936 2280
2 946 2076 1036 2166
2 1096 2113 1186 2193
2 1086 2203 1183 2290
2 496 2420 613 2513
2 473 2486 566 2583
2 2726 466 2810 573
2 2780 693 2876 786
2 536 290 653 430
2 1430 40 1573 183
2 340 953 440 1050
2 533 950 636 1080
2 2203 1216 2283 1306
2 2533 1106 2610 1183
2 746 1046 833 1120
1 1736 30 1870 196
1 2273 1826 2646 2273
1 720 980 880 1136
1 253 196 553 460
1 130 436 476 726
1 143 2366 390 2736
6 570 163 1613 930
1 1223 33 1523 460
6 2906 66 3980 1710
6 3386 1703 3996 2720
6 486 2473 1433 2983
6 1530 2546 3503 3000
6 1693 1323 2363 2033
7 2323 1196 2863 1810
7 2430 1890 2993 2486
7 1576 183 1846 536
1 226 703 500 930
