2 1426 6 1676 103
2 1463 370 1623 506
2 1660 360 1793 486
2 1830 153 1916 256
3 3203 1120 3853 1613
2 806 2096 946 2253
2 1100 1876 1210 1990
2 1296 736 1360 833
2 1403 823 1470 923
2 1920 2656 2026 2763
2 2966 1930 3056 2023
2 333 606 426 693
2 156 560 243 656
1 3283 676 3496 930
1 2886 566 3033 736
2 2983 686 3056 750
1 2620 1730 3056 2046
4 2523 1706 2696 1870
4 1323 2230 1456 2536
1 353 1200 590 1666
1 520 723 1006 1176
1 2896 1220 3006 1343
1 2790 1476 2870 1590
1 1490 10 1850 493
6 1580 940 2670 2020
6 2336 23 3963 366
6 3103 336 3823 626
7 2440 456 2970 973
7 2803 783 3236 1613
7 2796 2303 3993 2993
7 1466 2203 1983 2973
7 1993 2466 2786 2980
7 1990 1960 2553 2230
7 773 986 1560 1700
7 3 926 416 1850
7 670 70 1186 420
7 866 450 1320 1190
7 176 1780 876 2536
2 623 1976 730 2106
7 20 20 663 323
7 1416 400 2163 936
7 3500 660 4000 1110
7 3233 1646 3943 1963
1 36 2223 743 3010
