4 1873 1930 2000 2123
4 1980 2003 2130 2130
4 2023 2106 2193 2263
5 1416 1693 2586 2210
4 273 1583 426 1693
4 403 1533 570 1636
4 490 1630 670 1720
4 490 1700 643 1816
4 393 1773 590 1896
4 246 1806 406 1960
4 336 1696 490 1826
4 143 1713 340 1846
4 96 1666 290 1813
4 50 1800 236 1936
4 93 1923 256 2036
4 413 1436 643 1553
4 686 1496 856 1656
4 746 1326 920 1496
4 740 1126 930 1273
4 450 1303 620 1463
4 466 1146 626 1310
4 313 1273 486 1410
4 116 2300 243 2500
4 173 2406 330 2596
4 2593 2360 2793 2506
5 2496 1303 2876 1740
2 2253 30 2353 116
2 2200 206 2293 313
2 2203 376 2283 450
2 1733 110 1850 210
2 1763 10 1826 96
2 1596 430 1670 536
2 956 1776 1033 1866
2 960 1893 1050 1970
2 2240 1640 2326 1733
2 2070 1113 2150 1206
2 1963 1086 2046 1173
2 2160 1090 2253 1186
2 3813 1253 4013 1500
2 2736 2143 2806 2233
2 2826 2326 2903 2400
2 2943 2060 3040 2173
4 2790 1833 2956 1963
2 536 2563 683 2710
2 370 2860 500 3003
2 1006 2640 1156 2813
2 1330 2686 1503 2890
2 2806 2126 2870 2200
1 1883 2293 2143 2496
2 1963 2313 2076 2426
1 2573 2020 2753 2233
1 2823 1480 3063 1606
1 1730 166 1853 290
1 1710 270 1820 403
1 2136 106 2300 310
1 2156 316 2330 600
1 930 1730 1100 1963
1 1010 1336 1220 1460
6 2806 50 4003 1210
6 2986 1180 3653 1583
6 1460 2273 2260 2943
6 3033 2236 3990 2983
7 3476 1736 4003 2230
7 2483 2620 3026 3003
7 2420 2356 2573 2580
7 2553 376 2796 1263
7 23 33 490 526
7 26 2003 943 2526
7 613 1713 940 2006
7 343 2496 1020 2970
7 1086 2423 1423 2633
7 1233 1796 1566 2193
7 1346 856 1996 1556
7 1816 1553 2070 1746
1 1143 13 1316 163
