2 1083 366 1163 430
2 526 1096 616 1183
2 553 1323 633 1400
2 630 1533 723 1626
2 340 2023 426 2106
2 346 1910 443 1993
2 793 2400 896 2510
2 1086 2390 1180 2486
2 890 2173 956 2236
2 986 2080 1120 2180
2 1016 2193 1120 2286
2 1366 2450 1466 2530
2 1433 2220 1510 2310
2 1540 2176 1616 2266
2 1630 2126 1703 2213
2 1696 2136 1793 2230
2 1723 2253 1780 2330
2 1790 2216 1853 2300
2 1453 1853 1576 1986
2 1680 1520 1746 1610
2 1916 1496 2003 1606
2 2010 1533 2053 1606
2 2070 1550 2136 1640
2 1823 1690 1930 1770
2 1723 1726 1786 1796
2 1843 1916 1920 2003
2 1826 1866 1890 1930
2 1986 1833 2070 1933
2 2093 1850 2186 1936
2 2103 1790 2206 1883
2 2106 1663 2180 1746
2 2196 1466 2293 1556
2 2280 1396 2360 1490
2 2110 1196 2190 1273
2 1980 1293 2066 1386
2 1790 463 1880 553
2 2686 433 2753 500
2 2756 503 2823 573
2 2893 440 3003 543
2 2793 323 2880 423
2 2856 250 2936 336
2 2950 20 3026 103
2 3030 50 3123 146
2 2773 3 2873 73
2 2456 253 2510 326
2 3270 673 3363 763
2 3196 633 3260 720
2 3206 496 3266 586
2 3493 123 3600 213
2 3256 260 3340 340
2 3833 870 3943 983
2 3143 836 3223 930
2 2856 1570 2943 1673
2 2626 1240 2686 1316
2 2753 1210 2836 1286
2 3420 986 3510 1060
2 3553 1666 3626 1736
2 3640 1600 3770 1703
2 2826 1800 2890 1870
2 2880 1886 2950 1956
2 2496 2020 2616 2140
2 2493 2433 2613 2546
8 3083 2503 3690 2853
8 3626 2856 3796 2990
2 2263 2560 2383 2660
2 2226 2303 2306 2396
2 2203 2180 2283 2273
2 2286 1963 2360 2043
2 2036 573 2086 636
2 2640 2823 2746 2923
2 1156 1833 1270 1943
1 1973 520 2133 746
1 1713 713 1986 973
1 2013 273 2196 550
1 2263 323 2473 603
1 3060 616 3266 776
1 3266 456 3426 646
1 773 266 936 460
1 490 290 613 413
1 20 910 163 1110
1 500 960 680 1210
1 1046 1776 1286 2016
1 1306 2143 1586 2313
1 870 2206 1006 2413
1 1053 2210 1250 2490
1 1006 2020 1230 2250
1 2596 2676 2850 2933
1 2123 2400 2430 2726
1 1616 2013 1803 2243
1 1990 1820 2140 2013
1 2416 1823 2553 1966
1 2796 1550 3023 1743
1 2683 1703 2763 1813
1 2856 1846 3020 2060
1 3380 983 3600 1156
1 2970 70 3126 236
1 2656 13 2926 240
1 1723 186 1996 656
1 493 2543 793 2773
1 2093 1360 2223 1506
2 2146 1430 2203 1503
1 1873 933 2040 1206
2 1170 486 1246 570
7 3116 1210 3913 1946
7 1986 1943 2930 2570
7 2953 2476 3550 3000
7 960 2496 2123 2990
7 113 2050 793 2523
7 463 2820 786 3003
7 1056 1303 1590 1720
7 756 1716 1073 2113
7 1756 620 2420 993
7 1346 840 1903 1530
7 2063 896 2620 1360
7 2610 553 3123 1266
7 3403 396 3863 956
1 336 2540 580 2730
1 920 330 1180 513
