2 2113 50 2233 200
2 2693 16 2763 93
2 2906 36 3056 176
2 2916 326 3046 470
2 2653 593 2856 896
2 2126 670 2340 900
2 1956 630 2046 740
2 1936 430 2043 573
2 3286 933 3546 1166
2 3523 770 3763 966
2 2903 1923 2993 2016
2 2980 2043 3060 2133
2 1190 1266 1276 1366
2 1276 1343 1373 1423
2 1573 1376 1630 1470
2 1690 1166 1753 1243
2 1776 1180 1840 1253
2 1873 903 1973 1000
2 1670 463 1730 536
2 1713 273 1800 373
2 416 1200 506 1293
2 510 1240 616 1340
2 343 856 453 963
2 1133 1113 1226 1206
2 1016 1383 1086 1463
2 2490 2656 2586 2763
2 2680 2806 2743 2890
2 2763 2770 2853 2876
2 1793 2216 1860 2293
2 1626 2353 1700 2433
2 900 1846 946 1910
2 1196 2090 1320 2210
2 833 663 910 766
1 3670 830 3936 1080
1 2933 2026 3150 2186
1 2450 2533 2770 2910
1 320 1036 560 1200
1 803 666 953 850
1 1900 896 2053 1010
1 1943 406 2316 603
1 1953 583 2186 766
1 526 1113 713 1343
1 976 1133 1066 1296
1 1730 2123 1880 2373
1 1620 2190 1746 2510
1 1923 1366 2063 1586
1 1836 1380 1950 1523
6 2026 473 2936 1370
6 2333 1310 3146 2013
6 2943 583 3726 1376
7 2206 26 3090 456
7 3466 1363 3976 1686
7 2896 1990 3943 2953
7 26 2243 726 2996
7 706 2480 1180 2976
7 976 1596 1563 2386
7 1193 853 1883 1280
7 43 703 416 1903
7 593 860 1056 1406
7 430 1683 803 2220
7 23 1926 400 2216
1 1663 433 1873 606
1 1716 260 1970 510
7 3280 53 3983 756
7 310 20 1093 420
