5 2596 596 3043 1286
4 2153 1676 2320 1813
4 1810 2416 1980 2623
4 1666 2383 1766 2503
4 1763 2323 1906 2436
4 1906 2400 2050 2556
4 1863 2270 1966 2396
4 1900 2216 2030 2346
4 1860 2143 1953 2263
4 1743 2113 1890 2256
4 1613 2173 1740 2296
4 850 2670 973 2820
4 1013 2560 1176 2696
4 96 2063 246 2243
4 2016 1766 2186 1916
4 2326 1903 2423 2066
4 2410 1910 2503 2046
4 2676 1833 2830 1956
4 2133 1520 2300 1660
4 1933 1380 2046 1536
2 3323 876 3573 1113
2 3566 1110 3656 1216
2 2533 2813 2610 2906
2 850 2010 933 2103
2 950 2113 1030 2206
2 976 1876 1033 1956
2 1043 1846 1106 1936
2 1073 1940 1126 2010
8 956 1843 1153 2186
2 1963 1103 2030 1170
4 3600 450 3766 610
4 3636 143 3766 330
4 3840 260 3946 450
4 3446 136 3583 296
4 3530 46 3693 223
4 3613 336 3840 480
4 1313 483 1460 650
5 2250 2170 2793 2663
8 426 846 770 1116
2 473 833 570 900
2 556 866 623 940
2 536 933 643 1020
2 643 936 733 1026
2 486 1023 583 1106
2 1916 560 2016 663
2 1890 450 1986 543
2 276 16 363 100
2 400 13 493 106
2 930 143 1000 213
8 646 2193 986 2436
2 2683 1986 2756 2050
2 2826 2023 2893 2093
2 3096 2530 3230 2706
2 1363 1033 1463 1120
2 1433 1130 1506 1216
2 1140 676 1213 743
2 1170 593 1253 676
1 2266 1480 2670 2046
2 2560 1940 2660 2036
1 210 1840 420 1986
1 530 1766 746 1953
1 893 93 1056 306
1 1396 1030 1616 1266
1 1793 1296 1953 1463
7 3156 590 4016 1286
7 3656 1246 3986 1860
7 3440 2316 3993 2993
7 2843 2226 3313 2933
7 26 1873 1093 2970
7 1090 2703 1590 2980
7 1270 1546 2140 2143
7 706 1136 1520 1766
7 1613 646 2313 1413
5 2123 870 2613 1573
7 33 50 470 1160
7 540 36 1343 746
7 400 1060 706 1500
