4 3390 526 3710 720
4 3403 676 3620 806
4 3470 756 3703 926
4 3210 763 3483 936
4 3080 833 3223 1046
4 3086 1053 3266 1283
4 3233 1060 3383 1216
4 3253 1160 3383 1290
4 3466 1163 3636 1286
4 3026 1180 3226 1410
4 2996 953 3143 1173
4 3060 2513 3226 2806
2 1080 6 1226 166
2 1873 1843 2040 2036
2 2173 1773 2266 1906
2 1916 1010 2023 1106
2 2000 1096 2090 1223
2 1310 663 1410 853
2 1916 623 2003 730
2 2923 253 3010 346
2 2400 120 2530 260
2 2463 2613 2646 2763
2 3200 2226 3283 2310
2 3160 2126 3280 2223
2 3316 2106 3413 2193
2 3326 2210 3416 2313
2 3366 2030 3456 2106
2 300 1406 353 1486
2 350 1380 426 1456
2 426 1413 493 1490
2 1723 946 1816 1040
4 286 153 473 413
4 136 336 333 533
4 120 153 333 333
2 2353 473 2393 530
2 2750 2903 2813 2956
2 2806 2880 2886 2960
2 1580 883 1650 956
2 1660 813 1740 910
2 1736 783 1820 873
2 3550 1656 3620 1733
2 3623 1726 3676 1800
2 3690 1736 3750 1816
8 633 2290 783 2416
8 683 2083 803 2233
8 786 2253 980 2440
1 636 1600 893 1793
1 550 1766 883 1996
1 1253 900 1410 1133
1 3090 1683 3406 1876
7 3570 80 4000 1103
7 2970 610 3126 956
7 3620 1130 4006 2053
6 1433 1110 2376 2396
6 66 580 1293 1316
4 640 793 910 1020
7 2446 2010 3156 2483
7 2380 776 2933 1860
7 3183 2180 3863 2940
7 3190 1830 3566 2200
7 876 1696 1446 2573
7 1406 2390 1726 2660
7 1756 2553 2266 2970
7 23 1450 666 3006
7 610 1353 1116 1696
7 650 2586 1096 2956
7 1423 450 1906 866
7 580 73 1056 530
