2 3280 530 3486 770
2 2300 6 2446 120
2 1936 26 2030 120
2 2076 6 2163 106
2 936 153 1030 266
2 930 270 1050 420
2 1303 413 1416 536
2 1096 13 1206 123
2 193 1680 323 1786
2 446 2076 543 2203
2 590 2006 656 2080
2 796 2096 863 2186
2 686 1896 756 1966
2 783 2466 880 2566
2 910 2443 993 2563
2 3243 1406 3490 1606
2 3596 1493 3746 1660
2 2920 1403 3013 1520
2 3023 1343 3110 1430
2 2773 1383 2840 1450
2 2750 1443 2823 1513
2 2536 1663 2620 1776
2 2373 1546 2496 1653
2 1853 1523 1936 1596
2 1906 1440 1956 1503
2 1970 1470 2020 1530
2 1996 1396 2073 1480
2 2123 1553 2183 1613
2 2173 1500 2230 1546
2 2200 1480 2253 1533
2 2260 1543 2310 1586
2 2216 1606 2266 1663
2 2170 1593 2223 1660
2 2100 1610 2146 1653
2 2003 1540 2080 1613
2 1946 1516 2020 1586
2 1950 1583 2020 1653
2 1936 1700 2026 1763
2 2040 1656 2110 1743
2 2083 1640 2140 1693
2 1903 1700 1966 1766
2 1860 1636 1943 1713
2 1756 1590 1820 1663
2 1730 1680 1766 1753
2 1626 1710 1700 1786
2 1643 1643 1706 1710
8 1816 1403 2140 1803
8 1606 1613 1806 1793
2 2573 2126 2660 2220
2 3070 2563 3236 2743
2 3800 2593 3896 2693
2 2343 2603 2536 2803
2 1170 2116 1226 2183
2 1470 1823 1540 1903
2 1406 1493 1476 1563
2 1316 1396 1390 1480
1 2850 1313 3113 1520
1 2420 1626 2723 1876
1 2330 2383 2566 2763
1 1213 1986 1386 2203
1 1316 1753 1480 1970
1 196 1490 453 1800
6 766 30 2853 1093
6 2846 473 3616 1316
6 373 1016 1220 1730
6 1483 1043 2516 1496
6 2316 2056 3350 3010
7 2816 1583 3490 2093
7 3513 1486 3976 2336
7 3166 26 3970 516
7 3546 476 3986 1466
7 1400 1940 2283 2823
7 776 1763 1410 2346
7 30 46 723 1133
