4 283 1573 606 1813
4 323 1380 473 1560
4 426 1283 616 1473
4 506 1393 673 1553
4 100 1750 340 1903
4 133 1846 276 2003
4 16 1716 160 1843
4 13 1803 173 1933
4 550 2543 740 2683
4 743 2393 886 2530
4 873 2246 1003 2416
4 970 2126 1150 2310
4 1340 2116 1510 2256
4 1400 2483 1593 2626
4 1410 2623 1543 2776
4 1576 2830 1710 2990
4 1120 2816 1253 2956
4 1046 2883 1176 2986
4 560 1990 706 2083
4 553 2076 693 2203
4 686 2083 770 2226
4 753 2060 990 2203
4 620 2330 750 2523
4 353 2223 506 2406
4 116 2276 313 2456
4 586 1826 753 1983
4 596 1723 693 1810
4 663 1666 780 1780
4 746 1746 933 1893
4 906 1970 1066 2113
4 1193 1726 1336 1863
4 1336 1806 1470 1950
4 1186 1880 1350 2060
4 1236 1576 1410 1720
4 1230 1456 1390 1610
4 986 1383 1153 1503
4 1130 1213 1260 1393
4 1256 1160 1350 1283
4 1320 1130 1426 1336
4 526 1080 673 1260
4 1103 1020 1296 1183
4 2480 1240 2613 1356
4 2593 1170 2723 1320
4 2516 1573 2680 1710
4 2703 1573 2840 1713
4 2666 1460 2833 1576
4 2806 1466 2976 1606
4 2886 1403 3060 1553
4 2743 1253 2893 1453
2 1426 960 1540 1070
2 1466 1113 1560 1223
2 500 516 610 626
2 770 753 950 896
4 2283 36 2573 220
4 2336 213 2463 416
4 2470 200 2623 376
2 3096 123 3246 326
2 2250 2110 2366 2280
2 2560 2093 2713 2260
2 2000 1506 2086 1576
2 2080 1406 2160 1476
2 2236 1463 2296 1536
2 2403 1520 2466 1593
1 2246 1303 2493 1653
1 2036 1300 2173 1520
1 1083 2523 1246 2683
6 2920 1536 4006 2970
6 1726 2183 2920 2983
6 20 20 1176 916
6 1513 50 2490 766
6 3323 66 3986 1050
7 2590 53 2946 576
7 2513 560 2710 766
7 1580 853 2333 1383
7 2086 1710 2643 2023
7 2666 1853 2890 2150
7 1683 1713 2070 2163
7 376 2670 1023 2983
7 56 990 413 1643
7 3423 1303 3776 1550
