4 820 2493 946 2680
4 696 2626 850 2783
4 830 2776 983 2906
4 940 2740 1080 2846
4 943 2830 1060 2950
4 686 2870 943 2993
4 530 1320 683 1546
4 2140 1233 2380 1413
4 2373 1243 2530 1473
4 2106 1573 2260 1746
4 2260 1656 2446 1803
4 2346 1486 2560 1760
4 2753 1366 2880 1553
4 2823 1233 2970 1420
4 2563 1410 2763 1530
4 2536 1500 2736 1680
2 3140 1100 3243 1213
2 3203 1236 3286 1313
2 3273 1303 3346 1386
2 3310 1486 3376 1603
2 3503 1650 3640 1756
2 3546 1506 3640 1613
2 3563 1366 3676 1496
2 3803 1410 3913 1516
2 3760 1650 3876 1743
2 3776 1750 3953 1870
2 3603 1860 3703 1953
2 3316 1786 3396 1876
2 3220 1623 3303 1706
2 3236 1556 3323 1623
2 3163 1610 3233 1696
2 2756 1883 2850 1983
2 230 853 403 1026
2 1123 40 1230 170
2 1316 173 1416 306
2 1306 296 1503 463
2 1583 526 1763 730
2 1500 156 1630 286
2 1666 170 1843 350
2 270 2426 376 2553
1 3336 1363 3673 1556
1 3766 1356 4000 1636
1 2790 1663 3180 1976
1 2220 1826 2443 2093
1 2360 2103 2553 2400
1 2616 1826 2896 2073
2 2106 1886 2166 1970
1 303 2103 666 2586
1 1496 173 1820 523
6 20 26 1473 1816
6 1770 40 3993 593
6 2683 606 3996 1063
7 2283 646 2670 1113
7 2643 1063 3056 1316
7 1606 756 2243 1270
8 1400 1406 2036 1956
2 2533 2606 2693 2773
7 3010 1820 3636 2433
7 2773 2443 3236 2956
7 3616 2520 3986 2983
