4 1853 1486 2066 1670
4 2050 1510 2246 1763
4 1876 1700 2050 1953
4 1970 1700 2163 1883
4 2056 1826 2236 2080
4 1933 1943 2093 2123
4 1850 1940 1973 2120
4 1680 2106 1843 2300
4 1640 2033 1826 2226
4 1823 2110 1970 2293
4 1936 2110 2100 2283
4 1336 1836 1520 2076
4 1476 1886 1700 2106
4 1430 2050 1550 2263
4 2066 2113 2223 2296
2 2690 20 2856 176
2 3796 2113 3870 2200
2 3900 2200 3983 2310
2 3886 1910 3983 2013
2 3053 1380 3136 1476
2 3860 1216 3950 1320
2 3656 1393 3740 1490
2 3816 920 3933 1020
2 2713 2343 2820 2456
2 2596 2343 2696 2440
2 3900 2636 3970 2716
2 3806 2640 3866 2716
2 3640 2803 3733 2883
2 3190 1956 3280 2043
2 3313 1930 3390 2016
2 3420 1810 3516 1906
2 503 626 606 740
2 570 803 633 860
2 533 833 626 936
2 73 1383 153 1483
2 200 1370 303 1500
4 943 1610 1166 1756
2 2606 726 2670 793
1 2546 13 2860 180
1 2286 96 2460 410
1 2393 2226 2790 2496
1 3453 2636 3676 2820
1 3273 1740 3516 1963
1 556 1013 670 1213
1 563 686 693 910
1 463 836 680 1043
1 1603 1556 1893 1773
1 2540 1303 2870 1816
1 3720 1730 4006 2056
7 2166 2466 2830 2910
7 2310 1733 3036 2240
7 2903 606 3736 1393
7 2133 456 2533 1170
7 40 36 603 1766
7 26 1760 823 2460
7 996 1196 1366 1646
7 1676 1136 2473 1536
