2 83 1150 266 1383
2 2953 1853 3036 1943
2 3110 1990 3173 2070
2 3163 2106 3243 2223
2 3263 2196 3336 2280
2 3800 2453 3930 2570
2 3673 2553 3760 2646
2 3573 2140 3676 2230
2 3423 2010 3546 2126
4 1413 1926 1586 2136
4 2583 2103 2780 2256
4 2823 2190 3020 2370
4 2850 2313 3040 2463
4 2896 2400 3043 2613
4 2996 2373 3140 2580
1 3533 2340 3943 2576
1 3566 2460 3776 2656
6 33 23 4013 1520
6 1460 1530 3003 2006
6 1816 2076 2416 2730
7 56 2153 806 2926
7 326 1550 870 1793
7 2436 2273 2886 2713
7 2760 2016 3083 2283
1 3050 2036 3246 2230
1 3220 2086 3456 2210
1 3156 1840 3323 2066
