4 2386 736 2736 956
2 3616 276 3790 446
2 3606 93 3696 213
2 3476 43 3593 163
2 3880 146 3996 276
2 3170 360 3256 456
2 2903 980 2976 1066
2 2966 876 3023 963
2 3043 1270 3133 1383
2 2976 1300 3043 1420
2 3143 1763 3236 1840
2 3053 2043 3266 2230
2 1916 1903 2033 2006
2 2340 1706 2433 1793
2 1360 2226 1453 2326
2 1446 2403 1533 2510
2 1500 2666 1596 2770
2 2406 2436 2530 2586
2 3756 1750 3866 1850
2 3770 1603 3853 1700
1 3303 733 3770 996
1 3636 1693 3960 1960
1 2753 943 3013 1150
1 2836 690 3076 970
1 1350 2216 1513 2476
1 1003 2116 1270 2316
1 1420 2526 1670 2826
1 2133 2826 2340 3006
1 2350 2810 2576 2996
1 2306 2010 2516 2310
1 2223 1570 2436 1866
1 3703 530 4003 823
6 10 33 896 2373
6 903 20 1810 813
6 1810 20 2503 540
6 2656 1486 3563 2500
7 1036 623 2430 2020
7 3040 143 3510 796
7 26 2150 1160 2966
7 1166 2693 1543 2966
7 1800 2166 2340 2906
7 2426 2503 2900 2953
7 2956 2443 3926 2966
7 3760 2016 4003 2453
7 3290 893 3986 1600
