2 3570 550 3650 670
2 3646 526 3746 646
4 3003 370 3146 570
4 3103 460 3260 610
4 3220 390 3370 506
4 3110 310 3283 433
4 2936 526 3093 660
4 3033 663 3203 810
2 1140 1626 1280 1770
2 293 1876 370 1963
2 76 933 196 1050
2 316 913 406 993
2 163 1170 233 1226
2 296 1076 370 1163
2 2933 1850 3083 2000
2 2800 1950 2910 2080
2 3560 2250 3676 2366
2 2473 2670 2546 2760
2 2743 2603 2836 2720
2 2776 393 2883 490
2 1573 330 1643 413
2 1670 293 1760 400
2 1516 533 1580 606
2 813 2030 883 2130
2 220 20 330 133
1 866 416 980 526
1 1470 463 1600 643
1 1556 270 1793 573
1 3096 130 3390 356
1 2636 360 2870 596
1 3430 506 3706 830
5 6 1523 463 1930
6 730 2080 2013 2956
6 2520 2013 3836 2970
6 2000 2260 2533 2986
6 1693 660 2820 1793
7 3260 1553 3940 2013
7 3476 1126 3953 1566
7 3753 6 4010 1023
7 1840 30 2960 440
7 33 1140 1000 1903
7 43 1966 716 2546
7 953 1620 1533 2030
7 1603 1800 1980 2040
7 2316 1803 2756 2093
7 1033 243 1506 753
7 1883 470 2563 653
7 603 20 1140 333
