2 2933 90 3056 200
2 706 2396 766 2460
2 3190 1530 3303 1630
2 3340 1590 3456 1723
2 3066 2043 3153 2136
2 1026 23 1143 136
1 2883 1423 3510 1720
1 3063 1910 3193 2010
1 2996 2016 3196 2140
1 3486 2213 3906 2393
1 646 2333 830 2530
1 10 1156 320 1550
2 1643 2163 1716 2240
2 1733 2380 1810 2450
2 1003 1043 1070 1116
2 933 1016 1020 1120
1 1536 1893 1733 2003
1 1470 1970 1656 2093
1 1300 1846 1520 2026
7 23 40 696 1163
7 1436 440 1826 756
7 2310 580 3876 1816
7 2653 350 2973 600
7 2996 283 3286 536
7 1876 43 2253 350
7 2513 1836 3593 2943
7 3606 2420 3990 2990
7 16 1493 643 2076
7 1700 2506 2516 2963
7 1933 1113 2280 1616
