4 3596 976 3820 1216
4 3383 870 3576 1010
4 3293 970 3463 1113
4 3096 953 3226 1093
4 3196 716 3356 910
4 2850 413 2996 566
4 2916 480 3096 636
4 2906 623 3090 776
4 2506 623 2673 746
4 2400 726 2563 860
4 2410 826 2640 1003
4 2290 733 2423 910
4 2180 590 2333 740
4 2013 566 2210 726
4 1846 610 2046 763
4 1880 350 2043 620
4 1883 196 2086 350
4 1513 280 1773 526
4 1713 646 1870 796
4 2020 826 2130 973
4 2123 763 2256 926
4 1976 706 2133 823
4 1890 843 2003 1056
4 1970 980 2113 1113
4 2010 1103 2193 1256
4 2093 943 2236 1156
4 1760 1296 1943 1543
4 1666 1543 1826 1726
4 1680 1740 1886 1866
4 1736 1840 1883 1990
4 2733 1733 2820 1843
4 2796 1746 3040 1896
4 2776 1866 2960 2016
4 2616 1980 2750 2183
4 2726 1623 2893 1736
4 2896 1583 3066 1730
4 2426 1013 2583 1226
4 2570 996 2720 1156
4 2593 1180 2840 1296
4 2663 1293 2810 1440
4 2786 1033 2920 1206
4 570 286 736 500
4 736 283 980 496
4 823 486 1006 653
4 993 376 1163 600
4 346 103 623 310
4 2876 1316 3040 1506
4 3073 1370 3190 1583
4 3173 1386 3306 1533
4 1923 1186 2056 1386
4 1643 776 1766 930
4 1586 940 1776 1076
4 1760 903 1886 1076
4 3763 183 4000 423
4 2596 730 2760 873
2 3103 300 3273 440
2 2950 826 3013 910
2 2993 726 3090 813
2 3426 720 3526 830
2 463 1570 590 1713
2 1703 2640 1803 2723
2 2453 2360 2536 2450
2 2546 2446 2650 2526
2 2276 1470 2366 1546
2 2430 1463 2530 1576
2 2273 1316 2346 1373
2 2393 1333 2450 1420
2 2500 1316 2583 1413
2 2640 1406 2696 1496
2 1736 586 1816 656
2 893 2376 960 2456
2 1536 1276 1606 1350
2 1110 1066 1203 1140
2 173 1853 306 2000
1 3346 566 3650 810
1 3670 716 3923 896
1 3863 636 3980 786
1 3256 2320 3596 2620
1 960 593 1153 766
1 1053 1033 1306 1280
1 256 2023 456 2323
1 403 2686 560 2883
1 213 2743 390 2973
1 806 2460 923 2586
1 1520 2763 1780 2993
1 1926 2540 2140 2780
4 1903 2436 2053 2553
4 1863 2516 1950 2623
2 1580 2183 1636 2260
2 1536 2466 1660 2586
2 2063 2420 2126 2510
2 2413 2503 2480 2590
1 2440 2326 2643 2533
1 1736 2163 1953 2326
1 1643 2123 1830 2390
1 1690 2363 1900 2723
1 2076 2296 2300 2616
1 980 1876 1110 2093
1 1456 2010 1593 2183
2 1446 1556 1530 1633
2 1283 1666 1363 1753
1 2943 703 3183 1046
1 643 626 830 1033
1 1656 396 1843 673
1 1190 2793 1320 2953
1 1283 2783 1416 2903
6 2143 2536 3993 2970
6 3270 1200 3990 2496
6 3103 1686 3286 2066
6 2760 2110 3210 2496
6 1953 36 3253 283
6 2233 283 2910 583
6 6 30 610 1756
6 453 1240 1083 2116
7 1093 973 1810 1616
7 1126 640 1416 990
7 720 16 1026 280
7 1200 1693 1723 2093
7 1853 1330 2290 1913
7 2330 1636 2810 2003
7 1900 1903 2376 2400
7 46 2193 800 2800
