4 3720 2120 4010 2346
2 540 786 663 933
2 2753 1496 2860 1596
2 2586 2246 2673 2370
2 3180 546 3273 650
2 3223 270 3293 366
2 3426 243 3513 380
1 3196 233 3523 533
1 2813 26 3233 363
1 2043 6 2423 243
1 10 23 576 583
1 180 710 633 1063
1 3293 2433 3466 2760
2 3330 2633 3423 2733
1 3470 2046 3726 2313
6 1053 1160 2640 3006
6 193 2203 1036 2990
7 2683 1783 3263 2983
7 3536 2213 3966 2976
7 2993 820 3870 2003
7 1896 93 2863 733
7 3500 103 3973 850
7 620 56 1390 1113
5 626 46 1400 313
5 943 243 1493 566
7 10 1053 900 2203
